1285
7.86000e+00 1.01000e+09 1.000000000000000e+00 4.734939759036814e+24 
7.90000e+00 1.01000e+10 1.144526741942275e+09 4.759036144579026e+24 
8.15000e+00 1.01000e+11 1.255215994211167e+10 4.909638554215997e+24 
1.16000e+01 1.21000e+12 1.210121341935273e+11 6.987951807099047e+24 
1.64000e+01 1.40000e+13 1.017239534461831e+12 9.879518070490971e+24 
4.51000e+01 1.70000e+14 6.076580927591986e+12 2.716867462904979e+25 
2.12000e+02 5.82000e+15 4.872379173837285e+13 1.277108403508942e+26 
1.15000e+03 1.90000e+17 3.206723138898122e+14 6.927709645088966e+26 
1.04400e+04 9.74400e+18 2.085685366523384e+15 6.289148562641866e+27 
2.62200e+04 4.96800e+19 4.300724294814267e+15 1.579513843817223e+28 
6.58700e+04 2.43100e+20 8.585327522649510e+15 3.968050678246275e+28 
1.65400e+05 1.15100e+21 1.661134928044877e+16 9.963748410273008e+28 
4.15600e+05 5.26600e+21 3.113184626968055e+16 2.503563031417574e+29 
1.04400e+06 2.31800e+22 5.637078777198798e+16 6.288917532113964e+29 
2.62200e+06 9.75500e+22 9.823793789688370e+16 1.579410809417085e+30 
6.58800e+06 3.91100e+23 1.651370203495559e+17 3.968207649839289e+30 
8.29300e+06 5.25900e+23 1.833070568278559e+17 4.995116726221178e+30 
1.65500e+07 1.43500e+24 2.575234479295199e+17 9.967984755469487e+30 
3.30200e+07 3.83300e+24 3.565410566307976e+17 1.988624478074095e+31 
6.58900e+07 1.00600e+25 4.855034981375221e+17 3.967807406355811e+31 
1.31500e+08 2.60400e+25 6.514242907080625e+17 7.917691186999564e+31 
2.62400e+08 6.67600e+25 8.653913847861606e+17 1.579648605897443e+32 
3.30400e+08 8.73800e+25 9.351655397870746e+17 1.988876577376513e+32 
5.23700e+08 1.62900e+26 1.113042992425370e+18 3.152005155072648e+32 
8.30100e+08 3.02900e+26 1.322173059230504e+18 4.995278531653142e+32 
1.04500e+09 4.12900e+26 1.440858482344022e+18 6.287859551646749e+32 
1.31600e+09 5.03600e+26 1.518045290298724e+18 7.917701445053012e+32 
1.65700e+09 6.86000e+26 1.639959558437848e+18 9.968319738331903e+32 
2.62600e+09 1.27200e+27 1.916631789591507e+18 1.579408507863075e+33 
4.16400e+09 2.35600e+27 2.239467737613289e+18 2.503766293495054e+33 
6.60100e+09 4.36200e+27 2.618527541209360e+18 3.967852390543095e+33 
8.31200e+09 5.66200e+27 2.793223756298908e+18 4.995474309585903e+33 
1.04600e+10 7.70200e+27 3.010604649951223e+18 6.285277578278919e+33 
1.31800e+10 1.04800e+28 3.246131345622762e+18 7.918132636528536e+33 
1.65900e+10 1.42500e+28 3.499915839565270e+18 9.964646987009025e+33 
2.09000e+10 1.93800e+28 3.774740949105965e+18 1.255052800854989e+34 
2.63100e+10 2.50300e+28 4.014780320740219e+18 1.579545673452492e+34 
3.31300e+10 3.40400e+28 4.317831791593869e+18 1.988488463359897e+34 
4.17200e+10 4.62800e+28 4.646291569482969e+18 2.503379641086464e+34 
5.25400e+10 5.94900e+28 4.927359637590437e+18 3.151720932141320e+34 
6.61700e+10 8.08900e+28 5.287586132501655e+18 3.968151735385095e+34 
8.33200e+10 1.10000e+29 5.677637542127255e+18 4.994995309387790e+34 
1.04900e+11 1.49500e+29 6.097968211035338e+18 6.286498799610801e+34 
1.32200e+11 2.03300e+29 6.553704041957480e+18 7.919521254131109e+34 
1.66400e+11 2.59700e+29 6.932922912458768e+18 9.964341016087467e+34 
1.84400e+11 2.89200e+29 7.100996193706004e+18 1.104024323047694e+35 
2.09600e+11 3.29000e+29 7.302913063751314e+18 1.254619611036934e+35 
2.64000e+11 4.47300e+29 7.801188842621238e+18 1.579588892556713e+35 
3.32500e+11 5.81600e+29 8.252940023796105e+18 1.988565739109498e+35 
4.18800e+11 7.53800e+29 8.710551602333364e+18 2.503561779988354e+35 
4.29900e+11 7.80500e+29 8.773530050602890e+18 2.569781461510145e+35 
6.69140e+11 8.73920e+29 8.954402081242702e+18 3.996801301365160e+35 
1.00430e+12 1.26080e+30 9.385512055058444e+18 5.995511952187841e+35 
1.67490e+12 1.86280e+30 9.848247039347159e+18 9.992150643738229e+35 
6.71000e+12 6.75770e+30 1.115688145416050e+19 3.996773421285082e+36 
1.34320e+13 1.78320e+31 1.226671195624384e+19 7.993666955384398e+36 
2.01610e+13 3.29450e+31 1.317002820789354e+19 1.199026565560521e+37 
2.68970e+13 5.11770e+31 1.394581785640219e+19 1.598730426370891e+37 
3.36380e+13 7.20360e+31 1.463477602132343e+19 1.998406245777983e+37 
4.03840e+13 9.52440e+31 1.526107562903545e+19 2.398086677369849e+37 
4.71340e+13 1.20650e+32 1.584061245930927e+19 2.797736342348935e+37 
5.38890e+13 1.48160e+32 1.638399251944126e+19 3.197432620548680e+37 
6.06480e+13 1.77750e+32 1.689929342550958e+19 3.597130376457261e+37 
6.74100e+13 2.09410e+32 1.739227697648192e+19 3.996781459303377e+37 
7.41760e+13 2.43160e+32 1.786745948142017e+19 4.396453764584897e+37 
8.09460e+13 2.79050e+32 1.832856941887045e+19 4.796154171396331e+37 
8.77190e+13 3.17110e+32 1.877817634623277e+19 5.195829311051953e+37 
9.44960e+13 3.57420e+32 1.921885951815759e+19 5.595542508828669e+37 
1.01280e+14 4.00030e+32 1.965232721054260e+19 5.995474093976081e+37 
1.08060e+14 4.45020e+32 2.008025749585392e+19 6.394978456881010e+37 
1.14840e+14 4.92460e+32 2.050396044691519e+19 6.794293580123570e+37 
1.21630e+14 5.42440e+32 2.092464206772058e+19 7.194009926180699e+37 
1.28430e+14 5.95040e+32 2.134322941335724e+19 7.594128133205194e+37 
1.35220e+14 6.50330e+32 2.176041260056180e+19 7.993472640872706e+37 
1.51890e+14 1.16520e+33 2.523313865678189e+19 8.972615360523368e+37 
1.53628e+14 1.42244e+33 2.691203552445910e+19 9.074213498571528e+37 
1.55334e+14 1.46946e+33 2.721328270696255e+19 9.173935987755447e+37 
1.57040e+14 1.51749e+33 2.751755992469106e+19 9.273625009346546e+37 
1.58747e+14 1.56654e+33 2.782486697099286e+19 9.373338579854075e+37 
1.60455e+14 1.61664e+33 2.813532811747805e+19 9.473076237611764e+37 
1.62163e+14 1.66780e+33 2.844892746911911e+19 9.572779292563490e+37 
1.63872e+14 1.72001e+33 2.876553636349069e+19 9.672505744360564e+37 
1.65582e+14 1.77330e+33 2.908526297435517e+19 9.772255266024960e+37 
1.67292e+14 1.82768e+33 2.940810865134823e+19 9.871969053338141e+37 
1.69002e+14 1.88316e+33 2.973405690757062e+19 9.971646862827479e+37 
1.70714e+14 1.93976e+33 3.006314597557235e+19 1.007140501130309e+38 
1.72425e+14 1.99748e+33 3.039533255746284e+19 1.017106806317722e+38 
1.74138e+14 2.05634e+33 3.073064450590406e+19 1.027081063904185e+38 
1.75851e+14 2.11634e+33 3.106902033402029e+19 1.037051584944623e+38 
1.77565e+14 2.17752e+33 3.141062343198342e+19 1.047024149229978e+38 
1.79280e+14 2.23987e+33 3.175532214808533e+19 1.056998728553972e+38 
1.80995e+14 2.30341e+33 3.210316982968963e+19 1.066969462270846e+38 
1.82711e+14 2.36815e+33 3.245415382450683e+19 1.076942131496195e+38 
1.84427e+14 2.43411e+33 3.280831055027746e+19 1.086910897671372e+38 
1.86144e+14 2.50130e+33 3.316565213936717e+19 1.096881506312761e+38 
1.87862e+14 2.56974e+33 3.352618940990657e+19 1.106853955706394e+38 
1.89581e+14 2.63943e+33 3.388987576697895e+19 1.116828185630932e+38 
1.91300e+14 2.71040e+33 3.425680079342735e+19 1.126798361895821e+38 
1.93020e+14 2.78265e+33 3.462690653008744e+19 1.136770241459478e+38 
1.94740e+14 2.85620e+33 3.500021818333327e+19 1.146738009085003e+38 
1.96462e+14 2.93106e+33 3.537673876692500e+19 1.156713196700869e+38 
1.98184e+14 3.00726e+33 3.575654549296477e+19 1.166684192452952e+38 
1.99907e+14 3.08480e+33 3.613958180378687e+19 1.176656742251792e+38 
2.01630e+14 3.16319e+33 3.652338577487886e+19 1.186625038539736e+38 
2.03355e+14 3.24212e+33 3.690643829680267e+19 1.196600646138951e+38 
2.05080e+14 3.32197e+33 3.729057107458843e+19 1.206572002383242e+38 
2.06806e+14 3.40284e+33 3.767624835155945e+19 1.216544860523633e+38 
2.08532e+14 3.48481e+33 3.806380945205871e+19 1.226513435586726e+38 
2.10259e+14 3.56792e+33 3.845341193785827e+19 1.236483473398004e+38 
2.11987e+14 3.65221e+33 3.884520302190190e+19 1.246454947413664e+38 
2.13716e+14 3.73772e+33 3.923931846941134e+19 1.256427840082905e+38 
2.15446e+14 3.82446e+33 3.963578167694528e+19 1.266402093273140e+38 
2.17176e+14 3.91247e+33 4.003470802147233e+19 1.276371947720349e+38 
2.18907e+14 4.00176e+33 4.043611015020715e+19 1.286343121769023e+38 
2.20639e+14 4.09237e+33 4.084011465778166e+19 1.296315594106391e+38 
2.22372e+14 4.18431e+33 4.124673405972613e+19 1.306289311045865e+38 
2.24105e+14 4.27760e+33 4.165599419128981e+19 1.316258511417994e+38 
2.25839e+14 4.37226e+33 4.206794237518092e+19 1.326228908706142e+38 
2.27574e+14 4.46831e+33 4.248262227085378e+19 1.336200462984790e+38 
2.29310e+14 4.56577e+33 4.290006155914411e+19 1.346173156045737e+38 
2.31047e+14 4.66465e+33 4.332027403290735e+19 1.356146925253678e+38 
2.32784e+14 4.76499e+33 4.374335384230858e+19 1.366116038670627e+38 
2.34522e+14 4.86678e+33 4.416923709139232e+19 1.376086163839114e+38 
2.36262e+14 4.97006e+33 4.459802050983808e+19 1.386063031569854e+38 
2.38002e+14 5.07483e+33 4.502967085590427e+19 1.396035114594298e+38 
2.39742e+14 5.18112e+33 4.546425175259564e+19 1.406002402633248e+38 
2.41484e+14 5.28895e+33 4.590180880690672e+19 1.415976295266533e+38 
2.43226e+14 5.39832e+33 4.634227376960509e+19 1.425945335368486e+38 
2.44970e+14 5.50926e+33 4.678574557766941e+19 1.435920889133050e+38 
2.46714e+14 5.62179e+33 4.723222537141411e+19 1.445891526335477e+38 
2.48459e+14 5.73592e+33 4.768172403747300e+19 1.455862898279621e+38 
2.50205e+14 5.85166e+33 4.813422486954191e+19 1.465834979272935e+38 
2.51952e+14 5.96904e+33 4.858978678404669e+19 1.475807747014834e+38 
2.53699e+14 6.08808e+33 4.904846346859622e+19 1.485775417191461e+38 
2.55448e+14 6.20878e+33 4.951017847903755e+19 1.495749407865664e+38 
2.57197e+14 6.33117e+33 4.997500447406647e+19 1.505718264317837e+38 
2.58948e+14 6.45526e+33 5.044294546411632e+19 1.515693322017933e+38 
2.60699e+14 6.58107e+33 5.091400618406235e+19 1.525663185162249e+38 
2.62451e+14 6.70862e+33 5.138822396241002e+19 1.535633493586478e+38 
2.64205e+14 6.83792e+33 5.186557907302010e+19 1.545609908034864e+38 
2.65959e+14 6.96900e+33 5.234614894813382e+19 1.555580986341201e+38 
2.67714e+14 7.10185e+33 5.282982446443912e+19 1.565552419551067e+38 
2.69470e+14 7.23652e+33 5.331675667378011e+19 1.575524137243928e+38 
2.71227e+14 7.37300e+33 5.380684404978513e+19 1.585496128351365e+38 
2.72984e+14 7.51132e+33 5.430016841185310e+19 1.595462642411988e+38 
2.74743e+14 7.65149e+33 5.479669848589929e+19 1.605435016630181e+38 
2.76503e+14 7.79353e+33 5.529645541536761e+19 1.615407539258618e+38 
2.78264e+14 7.93746e+33 5.579946998916249e+19 1.625380153870270e+38 
2.80026e+14 8.08329e+33 5.630572098580269e+19 1.635352834030633e+38 
2.81789e+14 8.23105e+33 5.681526124991998e+19 1.645325544317990e+38 
2.83552e+14 8.38074e+33 5.732804813871000e+19 1.655292581872570e+38 
2.85317e+14 8.53238e+33 5.784410717411347e+19 1.665265203839508e+38 
2.87083e+14 8.68599e+33 5.836345007555671e+19 1.675237729656909e+38 
2.88850e+14 8.84160e+33 5.888612585547140e+19 1.685210125827416e+38 
2.90618e+14 8.99920e+33 5.941205312918394e+19 1.695182351193217e+38 
2.92387e+14 9.15882e+33 5.994128689392610e+19 1.705154360382114e+38 
2.94157e+14 9.32048e+33 6.047384304275124e+19 1.715126117062804e+38 
2.95928e+14 9.48419e+33 6.100971163651441e+19 1.725097570822550e+38 
2.97700e+14 9.64997e+33 6.154890433671850e+19 1.735068692397956e+38 
2.99473e+14 9.81784e+33 6.209143762037680e+19 1.745039442325692e+38 
3.01247e+14 9.98780e+33 6.263726807682060e+19 1.755009771991258e+38 
3.03023e+14 1.01599e+34 6.318650400024343e+19 1.764985264255151e+38 
3.04799e+14 1.03341e+34 6.373897271315487e+19 1.774954640532267e+38 
3.06577e+14 1.05105e+34 6.429493606617751e+19 1.784929101528993e+38 
3.08355e+14 1.06890e+34 6.485404437126048e+19 1.794897362226509e+38 
3.10135e+14 1.08697e+34 6.541655405909912e+19 1.804870616623960e+38 
3.11916e+14 1.10527e+34 6.598272834635802e+19 1.814843210941050e+38 
3.13698e+14 1.12378e+34 6.655189588099722e+19 1.824815116544248e+38 
3.15481e+14 1.14252e+34 6.712463444850259e+19 1.834786275783876e+38 
3.17265e+14 1.16148e+34 6.770058815051567e+19 1.844756653717819e+38 
3.19050e+14 1.18066e+34 6.827972123716520e+19 1.854726193326082e+38 
3.20837e+14 1.20008e+34 6.886257983695544e+19 1.864700453334460e+38 
3.22625e+14 1.21972e+34 6.944850576079265e+19 1.874673828499899e+38 
3.24413e+14 1.23960e+34 7.003805840040593e+19 1.884640687402410e+38 
3.26204e+14 1.25971e+34 7.063090490934936e+19 1.894617682441688e+38 
3.27995e+14 1.28005e+34 7.122698581974684e+19 1.904588087462015e+38 
3.29787e+14 1.30063e+34 7.182654422178345e+19 1.914557443082513e+38 
3.31581e+14 1.32145e+34 7.242954781077124e+19 1.924531233995954e+38 
3.33376e+14 1.34250e+34 7.303566007272962e+19 1.934503860323370e+38 
3.35172e+14 1.36380e+34 7.364539431412301e+19 1.944475317893632e+38 
3.36969e+14 1.38533e+34 7.425815007782637e+19 1.954445529928559e+38 
3.38767e+14 1.40711e+34 7.487443734930388e+19 1.964414489330293e+38 
3.40567e+14 1.42914e+34 7.549421660188973e+19 1.974387676351948e+38 
3.42368e+14 1.45141e+34 7.611717123992566e+19 1.984359483722070e+38 
3.44170e+14 1.47393e+34 7.674351776617344e+19 1.994329914174143e+38 
3.45974e+14 1.49670e+34 7.737322047156163e+19 2.004304433759784e+38 
3.47779e+14 1.51972e+34 7.800622290329677e+19 2.014277494468915e+38 
3.49585e+14 1.54299e+34 7.864250832333704e+19 2.024248996249405e+38 
3.51392e+14 1.56652e+34 7.928227951653973e+19 2.034218956608295e+38 
3.53200e+14 1.59030e+34 7.992522505108210e+19 2.044187325396130e+38 
3.55010e+14 1.61434e+34 8.057157417876516e+19 2.054159565409368e+38 
3.56822e+14 1.63864e+34 8.122128674018941e+19 2.064135614421516e+38 
3.58634e+14 1.66319e+34 8.187404470074432e+19 2.074104442118328e+38 
3.60448e+14 1.68801e+34 8.253032866112345e+19 2.084077030769868e+38 
3.62263e+14 1.71309e+34 8.318985235951778e+19 2.094047784749869e+38 
3.64080e+14 1.73844e+34 8.385282122476159e+19 2.104022184028709e+38 
3.65897e+14 1.76405e+34 8.451891523158103e+19 2.113989246906645e+38 
3.67717e+14 1.78993e+34 8.518838235541339e+19 2.123965313867946e+38 
3.69537e+14 1.81607e+34 8.586090520941527e+19 2.133933936120128e+38 
3.71359e+14 1.84249e+34 8.653693782267032e+19 2.143906071595720e+38 
3.73182e+14 1.86917e+34 8.721596059811627e+19 2.153876120718599e+38 
3.75007e+14 1.89613e+34 8.789842128174983e+19 2.163849555120057e+38 
3.76833e+14 1.92336e+34 8.858401666669247e+19 2.173820883162665e+38 
3.78661e+14 1.95087e+34 8.927297651015606e+19 2.183795472907680e+38 
3.80489e+14 1.97865e+34 8.996498873723255e+19 2.193762422459402e+38 
3.82320e+14 2.00671e+34 9.066027211362271e+19 2.203738019889296e+38 
3.84151e+14 2.03505e+34 9.135878698208825e+19 2.213705871083526e+38 
3.85984e+14 2.06367e+34 9.206046758098844e+19 2.223676886987910e+38 
3.87819e+14 2.09257e+34 9.276530942746465e+19 2.233650928547444e+38 
3.89655e+14 2.12176e+34 9.347348730741209e+19 2.243622584342562e+38 
3.91492e+14 2.15123e+34 9.418473136121532e+19 2.253591782909345e+38 
3.93331e+14 2.18098e+34 9.489899747916304e+19 2.263563921680235e+38 
3.95172e+14 2.21102e+34 9.561647402136427e+19 2.273538981226814e+38 
3.97014e+14 2.24135e+34 9.633714199606287e+19 2.283511444692122e+38 
3.98857e+14 2.27196e+34 9.706069961811098e+19 2.293481340832594e+38 
4.00702e+14 2.30287e+34 9.778760507247228e+19 2.303453972572234e+38 
4.02548e+14 2.33407e+34 9.851755279136009e+19 2.313423967668155e+38 
4.04396e+14 2.36556e+34 9.925053626191385e+19 2.323396602548367e+38 
4.06245e+14 2.39735e+34 9.998671904578703e+19 2.333366514782554e+38 
4.08096e+14 2.42943e+34 1.007258567853567e+20 2.343338986364222e+38 
4.09948e+14 2.46180e+34 1.014678800335329e+20 2.353308673169394e+38 
4.11802e+14 2.49447e+34 1.022130152914253e+20 2.363280824981986e+38 
4.13658e+14 2.52745e+34 1.029614174828303e+20 2.373255478680893e+38 
4.15515e+14 2.56072e+34 1.037126174867664e+20 2.383227157808604e+38 
4.17373e+14 2.59429e+34 1.044667861131273e+20 2.393195877893463e+38 
4.19233e+14 2.62816e+34 1.052239029885926e+20 2.403166918440452e+38 
4.21095e+14 2.66234e+34 1.059841373666365e+20 2.413140274370330e+38 
4.22958e+14 2.69682e+34 1.067472370504630e+20 2.423110527444184e+38 
4.24823e+14 2.73160e+34 1.075131647608919e+20 2.433082993503482e+38 
4.26690e+14 2.76670e+34 1.082823151527849e+20 2.443057645772932e+38 
4.28558e+14 2.80209e+34 1.090540045796395e+20 2.453029074802155e+38 
4.30427e+14 2.83780e+34 1.098288399217061e+20 2.462997279497371e+38 
4.32299e+14 2.87381e+34 1.106063630420831e+20 2.472972845974425e+38 
4.34171e+14 2.91014e+34 1.113869608818236e+20 2.482939772264748e+38 
4.36046e+14 2.94678e+34 1.121703811729883e+20 2.492913992374547e+38 
4.37922e+14 2.98372e+34 1.129563764776068e+20 2.502884821386186e+38 
4.39800e+14 3.02098e+34 1.137453308478255e+20 2.512857554680291e+38 
4.41679e+14 3.05856e+34 1.145372230222053e+20 2.522826798840131e+38 
4.43560e+14 3.09645e+34 1.153317941588563e+20 2.532797857301379e+38 
4.45443e+14 3.13466e+34 1.161292146735893e+20 2.542770698043368e+38 
4.47328e+14 3.17318e+34 1.169292541864703e+20 2.552745240771793e+38 
4.49214e+14 3.21202e+34 1.177320734145758e+20 2.562716193834138e+38 
4.51102e+14 3.25118e+34 1.185376405817947e+20 2.572688798303044e+38 
4.52991e+14 3.29065e+34 1.193457237718107e+20 2.582657715992059e+38 
4.54882e+14 3.33045e+34 1.201566893108805e+20 2.592628214041677e+38 
4.56775e+14 3.37057e+34 1.209703036759176e+20 2.602600234098893e+38 
4.58670e+14 3.41101e+34 1.217865315303445e+20 2.612573739533327e+38 
4.60566e+14 3.45178e+34 1.226055376969387e+20 2.622543440151827e+38 
4.62464e+14 3.49287e+34 1.234270894768758e+20 2.632514553546868e+38 
4.64364e+14 3.53428e+34 1.242511558486618e+20 2.642487035101110e+38 
4.66266e+14 3.57602e+34 1.250779021682565e+20 2.652460845228364e+38 
4.68169e+14 3.61808e+34 1.259070871262189e+20 2.662430737653138e+38 
4.70074e+14 3.66047e+34 1.267388978692973e+20 2.672401852131375e+38 
4.71981e+14 3.70319e+34 1.275732855112014e+20 2.682374194597366e+38 
4.73890e+14 3.74623e+34 1.284100107605660e+20 2.692347762537137e+38 
4.75800e+14 3.78961e+34 1.292494637654809e+20 2.702317197990738e+38 
4.77712e+14 3.83331e+34 1.300911985976770e+20 2.712287768849527e+38 
4.79626e+14 3.87735e+34 1.309355826320029e+20 2.722259394436426e+38 
4.81542e+14 3.92171e+34 1.317821797634629e+20 2.732232100624427e+38 
4.83460e+14 3.96641e+34 1.326313766613112e+20 2.742205739903584e+38 
4.85379e+14 4.01144e+34 1.334829221379469e+20 2.752175170587066e+38 
4.87301e+14 4.05681e+34 1.343369843079984e+20 2.762150713048334e+38 
4.89224e+14 4.10250e+34 1.351931466230483e+20 2.772121980794079e+38 
4.91148e+14 4.14854e+34 1.360519661214126e+20 2.782088872300629e+38 
4.93075e+14 4.19490e+34 1.369128281999650e+20 2.792061787018501e+38 
4.95004e+14 4.24161e+34 1.377762714427859e+20 2.802035469709238e+38 
4.96934e+14 4.28865e+34 1.386418802130125e+20 2.812004767778808e+38 
4.98867e+14 4.33602e+34 1.395096592179616e+20 2.821979873318948e+38 
5.00801e+14 4.38374e+34 1.403799136465143e+20 2.831950526435984e+38 
5.02737e+14 4.43179e+34 1.412522644691156e+20 2.841921805522963e+38 
5.04675e+14 4.48018e+34 1.421268516571421e+20 2.851893717192230e+38 
5.06615e+14 4.52891e+34 1.430036508978818e+20 2.861866211128667e+38 
5.08556e+14 4.57798e+34 1.438826583849863e+20 2.871834039718999e+38 
5.10500e+14 4.62739e+34 1.447638129744642e+20 2.881807543214972e+38 
5.12446e+14 4.67714e+34 1.456471037692523e+20 2.891781494177196e+38 
5.14393e+14 4.72723e+34 1.465324937773901e+20 2.901750770107043e+38 
5.16342e+14 4.77767e+34 1.474201263146087e+20 2.911720480653059e+38 
5.18294e+14 4.82844e+34 1.483096434878075e+20 2.921695631151099e+38 
5.20247e+14 4.87956e+34 1.492013610570111e+20 2.931665992830241e+38 
5.22202e+14 4.93102e+34 1.500950672112431e+20 2.941636676886662e+38 
5.24159e+14 4.98283e+34 1.509909188735747e+20 2.951607615765631e+38 
5.26118e+14 5.03498e+34 1.518887099091555e+20 2.961578797018743e+38 
5.28079e+14 5.08747e+34 1.527884078903078e+20 2.971550210845314e+38 
5.30042e+14 5.14031e+34 1.536901680758447e+20 2.981521791253775e+38 
5.32007e+14 5.19349e+34 1.545938032835370e+20 2.991493474292201e+38 
5.33974e+14 5.24702e+34 1.554994450720419e+20 3.001465269772508e+38 
5.35943e+14 5.30090e+34 1.564070682078582e+20 3.011437141630031e+38 
5.37914e+14 5.35512e+34 1.573164779816439e+20 3.021409062105748e+38 
5.39887e+14 5.40969e+34 1.582278187584780e+20 3.031380994940076e+38 
5.41862e+14 5.46460e+34 1.591408964689623e+20 3.041352917527350e+38 
5.43839e+14 5.51987e+34 1.600560205068467e+20 3.051324791751165e+38 
5.45818e+14 5.57548e+34 1.609728323448624e+20 3.061296594900668e+38 
5.47799e+14 5.63144e+34 1.618914735039279e+20 3.071268295411587e+38 
5.49782e+14 5.68775e+34 1.628119313228557e+20 3.081239822624030e+38 
5.51767e+14 5.74440e+34 1.637340109219100e+20 3.091211174630748e+38 
5.53754e+14 5.80141e+34 1.646580111254461e+20 3.101182331216835e+38 
5.55743e+14 5.85876e+34 1.655835827004442e+20 3.111153267789813e+38 
5.57735e+14 5.91647e+34 1.665110259286009e+20 3.121128957320345e+38 
5.59728e+14 5.97452e+34 1.674399946163951e+20 3.131099360750990e+38 
5.61723e+14 6.03293e+34 1.683707912430557e+20 3.141069441311372e+38 
5.63721e+14 6.09168e+34 1.693030727813921e+20 3.151044166016749e+38 
5.65720e+14 6.15079e+34 1.702371294076885e+20 3.161013538736448e+38 
5.67722e+14 6.21025e+34 1.711727888844945e+20 3.170987474405634e+38 
5.69725e+14 6.27005e+34 1.721098642797798e+20 3.180956011698631e+38 
5.71731e+14 6.33021e+34 1.730486496107060e+20 3.190929068668462e+38 
5.73739e+14 6.39072e+34 1.739889664391842e+20 3.200901638543063e+38 
5.75749e+14 6.45158e+34 1.749307892698738e+20 3.210873709613337e+38 
5.77761e+14 6.51280e+34 1.758742609059049e+20 3.220845219429398e+38 
5.79775e+14 6.57436e+34 1.768190455170369e+20 3.230816165889902e+38 
5.81791e+14 6.63628e+34 1.777654293225164e+20 3.240786523454581e+38 
5.83809e+14 6.69855e+34 1.787132425278594e+20 3.250756250531801e+38 
5.85830e+14 6.76117e+34 1.796624604702903e+20 3.260730270362019e+38 
5.87853e+14 6.82415e+34 1.806132137869056e+20 3.270703614887073e+38 
5.89877e+14 6.88747e+34 1.815651860756237e+20 3.280671317714247e+38 
5.91904e+14 6.95115e+34 1.825186527662052e+20 3.290643224363010e+38 
5.93933e+14 7.01519e+34 1.834735918351966e+20 3.300614386088282e+38 
5.95965e+14 7.07957e+34 1.844296898845534e+20 3.310589670542150e+38 
5.97998e+14 7.14431e+34 1.853872217974614e+20 3.320559247249563e+38 
6.00034e+14 7.20941e+34 1.863461651593539e+20 3.330532907141472e+38 
6.02071e+14 7.27485e+34 1.873062119420409e+20 3.340500810435995e+38 
6.04111e+14 7.34065e+34 1.882676378311234e+20 3.350472718290097e+38 
6.06154e+14 7.40680e+34 1.892302739251476e+20 3.360448605836501e+38 
6.08198e+14 7.47331e+34 1.901942454860739e+20 3.370418689630924e+38 
6.10244e+14 7.54017e+34 1.911593912787857e+20 3.380387823853345e+38 
6.12293e+14 7.60738e+34 1.921256944107718e+20 3.390360848129915e+38 
6.14344e+14 7.67494e+34 1.930931345445066e+20 3.400332876224092e+38 
6.16397e+14 7.74286e+34 1.940618360948388e+20 3.410303888888941e+38 
6.18452e+14 7.81114e+34 1.950317815317765e+20 3.420273859816906e+38 
6.20510e+14 7.87976e+34 1.960026697145705e+20 3.430247611894330e+38 
6.22570e+14 7.94874e+34 1.969747683929592e+20 3.440220264100678e+38 
6.24632e+14 8.01808e+34 1.979480571181143e+20 3.450191803996314e+38 
6.26696e+14 8.08777e+34 1.989223786896133e+20 3.460162209478275e+38 
6.28763e+14 8.15781e+34 1.998977202181805e+20 3.470136270059721e+38 
6.30831e+14 8.22820e+34 2.008740618785151e+20 3.480104329279096e+38 
6.32902e+14 8.29895e+34 2.018515247394686e+20 3.490076011064840e+38 
6.34976e+14 8.37005e+34 2.028299538399459e+20 3.500051281005416e+38 
6.37051e+14 8.44150e+34 2.038093354438265e+20 3.510020493119281e+38 
6.39129e+14 8.51331e+34 2.047897867333360e+20 3.519993251343094e+38 
6.41209e+14 8.58547e+34 2.057711610710325e+20 3.529964706242788e+38 
6.43291e+14 8.65799e+34 2.067535804784315e+20 3.539934831296832e+38 
6.45376e+14 8.73086e+34 2.077368852459466e+20 3.549908422148490e+38 
6.47463e+14 8.80408e+34 2.087210612594912e+20 3.559880666432785e+38 
6.49552e+14 8.87765e+34 2.097060958698731e+20 3.569851538076474e+38 
6.51643e+14 8.95158e+34 2.106921067326372e+20 3.579821022884378e+38 
6.53737e+14 9.02585e+34 2.116788160555464e+20 3.589793849845517e+38 
6.55833e+14 9.10049e+34 2.126666018815739e+20 3.599765253064171e+38 
6.57931e+14 9.17547e+34 2.136550563661995e+20 3.609735199136122e+38 
6.60032e+14 9.25081e+34 2.146444266656403e+20 3.619708425515390e+38 
6.62135e+14 9.32650e+34 2.156345720826255e+20 3.629680139662128e+38 
6.64240e+14 9.40254e+34 2.166254736865604e+20 3.639650346068617e+38 
6.66348e+14 9.47893e+34 2.176171163950272e+20 3.649623763187039e+38 
6.68458e+14 9.55567e+34 2.186094884852830e+20 3.659595628930834e+38 
6.70570e+14 9.63277e+34 2.196027053305857e+20 3.669565926965341e+38 
6.72685e+14 9.71022e+34 2.205966221449530e+20 3.679539362938250e+38 
6.74802e+14 9.78802e+34 2.215912287778024e+20 3.689511186139545e+38 
6.76921e+14 9.86617e+34 2.225865109192275e+20 3.699481386959280e+38 
6.79043e+14 9.94467e+34 2.235824601685550e+20 3.709454629497758e+38 
6.81167e+14 1.00235e+35 2.245788027070955e+20 3.719426227562846e+38 
6.83293e+14 1.01027e+35 2.255760339841775e+20 3.729396156482031e+38 
6.85422e+14 1.01823e+35 2.265745173084175e+20 3.739369071062952e+38 
6.87553e+14 1.02622e+35 2.275729823035267e+20 3.749340280265989e+38 
6.89686e+14 1.03424e+35 2.285714256800501e+20 3.759309762403415e+38 
6.91822e+14 1.04230e+35 2.295710855755072e+20 3.769282147554920e+38 
6.93960e+14 1.05040e+35 2.305719328739175e+20 3.779252788018202e+38 
6.96101e+14 1.05853e+35 2.315727231054742e+20 3.789226313606419e+38 
6.98244e+14 1.06670e+35 2.325746788643484e+20 3.799198030900579e+38 
7.00389e+14 1.07490e+35 2.335765555212600e+20 3.809167954804836e+38 
7.02537e+14 1.08313e+35 2.345783521577958e+20 3.819140696797974e+38 
7.04687e+14 1.09140e+35 2.355812850660519e+20 3.829111549049137e+38 
7.06840e+14 1.09971e+35 2.365853175161262e+20 3.839085208222744e+38 
7.08995e+14 1.10805e+35 2.375892375543392e+20 3.849056990106437e+38 
7.11152e+14 1.11642e+35 2.385930390930395e+20 3.859026889850505e+38 
7.13312e+14 1.12483e+35 2.395979107646891e+20 3.868999508453076e+38 
7.15474e+14 1.13328e+35 2.406038464022199e+20 3.878970160522081e+38 
7.17639e+14 1.14175e+35 2.416084425012936e+20 3.888943517789183e+38 
7.19806e+14 1.15027e+35 2.426152541644792e+20 3.898914921882629e+38 
7.21975e+14 1.15882e+35 2.436219030022925e+20 3.908884352264263e+38 
7.24147e+14 1.16740e+35 2.446283806474369e+20 3.918856405497195e+38 
7.26322e+14 1.17602e+35 2.456358609981280e+20 3.928831006235850e+38 
7.28498e+14 1.18467e+35 2.466431459450670e+20 3.938799054824972e+38 
7.30678e+14 1.19336e+35 2.476513990059639e+20 3.948774235554765e+38 
7.32859e+14 1.20208e+35 2.486594482837511e+20 3.958742809824826e+38 
7.35043e+14 1.21083e+35 2.496672921474706e+20 3.968713899593337e+38 
7.37230e+14 1.21962e+35 2.506760767706775e+20 3.978687460446323e+38 
7.39419e+14 1.22845e+35 2.516857684912462e+20 3.988658992259428e+38 
7.41610e+14 1.23731e+35 2.526952358551616e+20 3.998628388885822e+38 
7.43804e+14 1.24620e+35 2.537044591283290e+20 4.008600255521230e+38 
7.46001e+14 1.25513e+35 2.547145828745334e+20 4.018574483200390e+38 
7.48200e+14 1.26409e+35 2.557244368269955e+20 4.028546647479885e+38 
7.50401e+14 1.27309e+35 2.567351574943102e+20 4.038516655282023e+38 
7.52605e+14 1.28212e+35 2.577456078290974e+20 4.048489040951739e+38 
7.54811e+14 1.29119e+35 2.587569102950787e+20 4.058459206265678e+38 
7.57020e+14 1.30029e+35 2.597679186811867e+20 4.068431754197425e+38 
7.59231e+14 1.30942e+35 2.607786437884080e+20 4.078402091498513e+38 
7.61445e+14 1.31859e+35 2.617901768858380e+20 4.088374742474789e+38 
7.63661e+14 1.32779e+35 2.628014186627593e+20 4.098345129270473e+38 
7.65880e+14 1.33703e+35 2.638134366988563e+20 4.108317839400224e+38 
7.68101e+14 1.34630e+35 2.648251442674802e+20 4.118288284472916e+38 
7.70325e+14 1.35560e+35 2.658365248927451e+20 4.128261000811546e+38 
7.72551e+14 1.36494e+35 2.668486829950786e+20 4.138231372074816e+38 
7.74780e+14 1.37432e+35 2.678615736632122e+20 4.148204003316360e+38 
7.77011e+14 1.38372e+35 2.688730509789055e+20 4.158174329876085e+38 
7.79245e+14 1.39316e+35 2.698852566119941e+20 4.168146841915275e+38 
7.81482e+14 1.40264e+35 2.708981879728949e+20 4.178121464695772e+38 
7.83720e+14 1.41215e+35 2.719107486327724e+20 4.188089365242157e+38 
7.85962e+14 1.42169e+35 2.729229518521184e+20 4.198063817766203e+38 
7.88206e+14 1.43127e+35 2.739358543576270e+20 4.208035885056022e+38 
7.90452e+14 1.44088e+35 2.749483724764557e+20 4.218005646654578e+38 
7.92701e+14 1.45052e+35 2.759605169994706e+20 4.227977465913801e+38 
7.94953e+14 1.46020e+35 2.769733204690907e+20 4.237951366569194e+38 
7.97207e+14 1.46991e+35 2.779857408223904e+20 4.247922849586765e+38 
7.99463e+14 1.47965e+35 2.789977614861664e+20 4.257891976521527e+38 
8.01722e+14 1.48943e+35 2.800104193136921e+20 4.267863127322416e+38 
8.03984e+14 1.49924e+35 2.810226845379248e+20 4.277836218308849e+38 
8.06248e+14 1.50909e+35 2.820355543606143e+20 4.287806956649954e+38 
8.08515e+14 1.51897e+35 2.830480104650726e+20 4.297779650661307e+38 
8.10784e+14 1.52888e+35 2.840600536258374e+20 4.307749874777115e+38 
8.13056e+14 1.53883e+35 2.850726855933952e+20 4.317722068754702e+38 
8.15330e+14 1.54881e+35 2.860848905865208e+20 4.327691786856227e+38 
8.17607e+14 1.55882e+35 2.870966558461824e+20 4.337663452913888e+38 
8.19887e+14 1.56887e+35 2.881089974260969e+20 4.347636987440132e+38 
8.22169e+14 1.57895e+35 2.891208920943378e+20 4.357608046728889e+38 
8.24454e+14 1.58906e+35 2.901323360964464e+20 4.367580997531403e+38 
8.26741e+14 1.59921e+35 2.911443357325778e+20 4.377551401248274e+38 
8.29031e+14 1.60938e+35 2.921548719690577e+20 4.387523718448654e+38 
8.31323e+14 1.61960e+35 2.931669356889429e+20 4.397493501296299e+38 
8.33618e+14 1.62984e+35 2.941775566455565e+20 4.407465051787851e+38 
8.35916e+14 1.64012e+35 2.951886821688504e+20 4.417438472917806e+38 
8.38216e+14 1.65043e+35 2.961993313730348e+20 4.427409367667695e+38 
8.40519e+14 1.66078e+35 2.972104960565005e+20 4.437381970704075e+38 
8.42824e+14 1.67116e+35 2.982211663897916e+20 4.447352070506014e+38 
8.45132e+14 1.68157e+35 2.992313518158008e+20 4.457323927387854e+38 
8.47443e+14 1.69201e+35 3.002410560876198e+20 4.467297496936745e+38 
8.49756e+14 1.70249e+35 3.012512249465361e+20 4.477268527409997e+38 
8.52072e+14 1.71300e+35 3.022609002484135e+20 4.487241259020618e+38 
8.54390e+14 1.72354e+35 3.032700789129570e+20 4.497211383333837e+38 
8.56711e+14 1.73412e+35 3.042797023115957e+20 4.507183240671551e+38 
8.59034e+14 1.74472e+35 3.052878723120845e+20 4.517152465194883e+38 
8.61361e+14 1.75537e+35 3.062974293920535e+20 4.527127656318523e+38 
8.63689e+14 1.76604e+35 3.073055224222869e+20 4.537095950104102e+38 
8.66021e+14 1.77675e+35 3.083140435349273e+20 4.547070163028079e+38 
8.68355e+14 1.78748e+35 3.093211038921849e+20 4.557041745148886e+38 
8.70691e+14 1.79826e+35 3.103295090305612e+20 4.567010715310753e+38 
8.73031e+14 1.80906e+35 3.113364652884610e+20 4.576985497460013e+38 
8.75373e+14 1.81990e+35 3.123438079764398e+20 4.586957693009227e+38 
8.77717e+14 1.83077e+35 3.133506215356983e+20 4.596927200424010e+38 
8.80064e+14 1.84167e+35 3.143569039041930e+20 4.606898268091270e+38 
8.82414e+14 1.85260e+35 3.153626387483315e+20 4.616870957570432e+38 
8.84766e+14 1.86357e+35 3.163687543691374e+20 4.626840945485863e+38 
8.87121e+14 1.87457e+35 3.173743258119583e+20 4.636812473047204e+38 
8.89479e+14 1.88560e+35 3.183793387855042e+20 4.646785592603330e+38 
8.91839e+14 1.89666e+35 3.193838120801990e+20 4.656755963469906e+38 
8.94202e+14 1.90776e+35 3.203886376016407e+20 4.666727857637013e+38 
8.96568e+14 1.91888e+35 3.213919985747220e+20 4.676701286909339e+38 
8.98936e+14 1.93004e+35 3.223957049824802e+20 4.686671994555205e+38 
9.01307e+14 1.94124e+35 3.233997399559447e+20 4.696644220136658e+38 
9.03680e+14 1.95246e+35 3.244023260733477e+20 4.706613663542190e+38 
9.06056e+14 1.96372e+35 3.254052319138743e+20 4.716584610039570e+38 
9.08435e+14 1.97500e+35 3.264066735200014e+20 4.726557053577759e+38 
9.10817e+14 1.98632e+35 3.274084423077720e+20 4.736530891494337e+38 
9.13201e+14 1.99768e+35 3.284105101209164e+20 4.746502027371551e+38 
9.15588e+14 2.00906e+35 3.294111244572625e+20 4.756474569813729e+38 
9.17977e+14 2.02048e+35 3.304120407405745e+20 4.766444345388306e+38 
9.20369e+14 2.03192e+35 3.314114957706704e+20 4.776415569941820e+38 
9.22764e+14 2.04340e+35 3.324112406982609e+20 4.786388204532095e+38 
9.25161e+14 2.05492e+35 3.334112683436590e+20 4.796358067485748e+38 
9.27561e+14 2.06646e+35 3.344098512240639e+20 4.806329260328585e+38 
9.29964e+14 2.07803e+35 3.354078335377754e+20 4.816301899960904e+38 
9.32370e+14 2.08964e+35 3.364060912321707e+20 4.826275874907427e+38 
9.34778e+14 2.10128e+35 3.374037575457126e+20 4.836247043964980e+38 
9.37188e+14 2.11295e+35 3.384008086064234e+20 4.846215532007782e+38 
9.39602e+14 2.12465e+35 3.393972874668348e+20 4.856189362213592e+38 
9.42018e+14 2.13638e+35 3.403931571110672e+20 4.866160453570322e+38 
9.44437e+14 2.14815e+35 3.413892697378994e+20 4.876132884189162e+38 
9.46858e+14 2.15994e+35 3.423839433716874e+20 4.886102463628778e+38 
9.49283e+14 2.17177e+35 3.433788454633418e+20 4.896077519064989e+38 
9.51709e+14 2.18363e+35 3.443731413693795e+20 4.906045644491372e+38 
9.54139e+14 2.19552e+35 3.453668251518419e+20 4.916019189447589e+38 
9.56571e+14 2.20744e+35 3.463599150523473e+20 4.925989829228407e+38 
9.59006e+14 2.21939e+35 3.473523786495815e+20 4.935961831919147e+38 
9.61444e+14 2.23138e+35 3.483450684641873e+20 4.945935039693597e+38 
9.63884e+14 2.24339e+35 3.493363141191334e+20 4.955905432574052e+38 
9.66327e+14 2.25544e+35 3.503277598860456e+20 4.965877123653547e+38 
9.68773e+14 2.26752e+35 3.513185964527184e+20 4.975850001981535e+38 
9.71221e+14 2.27962e+35 3.523079841613764e+20 4.985820110502839e+38 
9.73672e+14 2.29176e+35 3.532975794731142e+20 4.995791396735782e+38 
9.76126e+14 2.30393e+35 3.542865467272909e+20 5.005763938508456e+38 
9.78582e+14 2.31614e+35 3.552757086473969e+20 5.015733586862360e+38 
9.81041e+14 2.32837e+35 3.562634348780897e+20 5.025704449475933e+38 
9.83503e+14 2.34063e+35 3.572505346003266e+20 5.035676524140421e+38 
9.85968e+14 2.35293e+35 3.582378078833442e+20 5.045649804178596e+38 
9.88435e+14 2.36525e+35 3.592236537502210e+20 5.055620211720077e+38 
9.90905e+14 2.37761e+35 3.602096719802762e+20 5.065591784347141e+38 
9.93378e+14 2.39000e+35 3.611950470646488e+20 5.075564587667716e+38 
9.95853e+14 2.40241e+35 3.621790077259101e+20 5.085534466962461e+38 
9.98332e+14 2.41486e+35 3.631631180526724e+20 5.095509587572505e+38 
1.00081e+15 2.42734e+35 3.641466058268920e+20 5.105469712806463e+38 
1.00330e+15 2.43985e+35 3.651294511940427e+20 5.115467161603247e+38 
1.00578e+15 2.45239e+35 3.661116635856051e+20 5.125413562734451e+38 
1.00827e+15 2.46497e+35 3.670940237476368e+20 5.135389149517559e+38 
1.01076e+15 2.47757e+35 3.680749625704126e+20 5.145353861875774e+38 
1.01326e+15 2.49020e+35 3.690552634565332e+20 5.155347672203552e+38 
1.01575e+15 2.50286e+35 3.700349215829388e+20 5.165290684102572e+38 
1.01825e+15 2.51556e+35 3.710147160272113e+20 5.175262737387394e+38 
1.02076e+15 2.52828e+35 3.719930951878317e+20 5.185263777909890e+38 
1.02326e+15 2.54104e+35 3.729715997766907e+20 5.195214129232225e+38 
1.02577e+15 2.55382e+35 3.739486901366399e+20 5.205193455546726e+38 
1.02828e+15 2.56664e+35 3.749259084775803e+20 5.215161884805015e+38 
1.03079e+15 2.57948e+35 3.759017105034440e+20 5.225119558588693e+38 
1.03331e+15 2.59236e+35 3.768776398000078e+20 5.235105973808351e+38 
1.03583e+15 2.60526e+35 3.778521543493752e+20 5.245081618984704e+38 
1.03835e+15 2.61820e+35 3.788267816809383e+20 5.255046424329563e+38 
1.04088e+15 2.63117e+35 3.798007552285857e+20 5.265039954077561e+38 
1.04340e+15 2.64416e+35 3.807733341422719e+20 5.274983195853170e+38 
1.04593e+15 2.65719e+35 3.817460125593580e+20 5.284955110784136e+38 
1.04847e+15 2.67025e+35 3.827180470385869e+20 5.294955560635130e+38 
1.05100e+15 2.68333e+35 3.836886741492688e+20 5.304905961085785e+38 
1.05354e+15 2.69645e+35 3.846594035314523e+20 5.314884848287928e+38 
1.05608e+15 2.70960e+35 3.856294755171122e+20 5.324852996370210e+38 
1.05862e+15 2.72277e+35 3.865981645368335e+20 5.334810380329835e+38 
1.06117e+15 2.73598e+35 3.875669327992312e+20 5.344796219045092e+38 
1.06372e+15 2.74922e+35 3.885350558165680e+20 5.354771244621057e+38 
1.06627e+15 2.76249e+35 3.895025116062475e+20 5.364735615660925e+38 
1.06883e+15 2.77578e+35 3.904685977248587e+20 5.374728233027002e+38 
1.07138e+15 2.78911e+35 3.914347451173635e+20 5.384671193595375e+38 
1.07394e+15 2.80247e+35 3.924002474994941e+20 5.394642378952363e+38 
1.07651e+15 2.81585e+35 3.933643726529801e+20 5.404641767401556e+38 
1.07907e+15 2.82927e+35 3.943285575187814e+20 5.414591595701160e+38 
1.08164e+15 2.84271e+35 3.952913733819320e+20 5.424569575121020e+38 
1.08421e+15 2.85619e+35 3.962542555516621e+20 5.434536830725548e+38 
1.08679e+15 2.86969e+35 3.972157509797520e+20 5.444532259263441e+38 
1.08936e+15 2.88323e+35 3.981773192856037e+20 5.454478192293605e+38 
1.09194e+15 2.89679e+35 3.991375072672642e+20 5.464452257701288e+38 
1.09452e+15 2.91039e+35 4.000977587123576e+20 5.474415595037777e+38 
1.09711e+15 2.92401e+35 4.010566428018544e+20 5.484406901761074e+38 
1.09970e+15 2.93766e+35 4.020148680741932e+20 5.494387558914654e+38 
1.10229e+15 2.95134e+35 4.029724364346085e+20 5.504357582978086e+38 
1.10488e+15 2.96505e+35 4.039293517922177e+20 5.514316978013925e+38 
1.10748e+15 2.97880e+35 4.048862978979410e+20 5.524304232836553e+38 
1.11007e+15 2.99257e+35 4.058419033784310e+20 5.534242424360624e+38 
1.11268e+15 3.00637e+35 4.067968369267816e+20 5.544246808226065e+38 
1.11528e+15 3.02019e+35 4.077504331076749e+20 5.554202213739830e+38 
1.11789e+15 3.03405e+35 4.087040544622171e+20 5.564185357249759e+38 
1.12050e+15 3.04794e+35 4.096570201586658e+20 5.574157893791701e+38 
1.12311e+15 3.06186e+35 4.106093296307867e+20 5.584119855053719e+38 
1.12572e+15 3.07580e+35 4.115602975832245e+20 5.594071294554581e+38 
1.12834e+15 3.08978e+35 4.125112916904132e+20 5.604050287551103e+38 
1.13096e+15 3.10378e+35 4.134609475018818e+20 5.614018738588621e+38 
1.13359e+15 3.11782e+35 4.144106188657138e+20 5.624014680834753e+38 
1.13621e+15 3.13188e+35 4.153589573951305e+20 5.633962100260426e+38 
1.13884e+15 3.14597e+35 4.163066401680210e+20 5.643936961381212e+38 
1.14147e+15 3.16009e+35 4.172536675592946e+20 5.653901302852160e+38 
1.14411e+15 3.17424e+35 4.182000371338664e+20 5.663892995684915e+38 
1.14675e+15 3.18842e+35 4.191457445100986e+20 5.673874188810813e+38 
1.14939e+15 3.20263e+35 4.200907958222157e+20 5.683844872023911e+38 
1.15203e+15 3.21686e+35 4.210345241568293e+20 5.693805103092944e+38 
1.15468e+15 3.23113e+35 4.219782623591717e+20 5.703792538240283e+38 
1.15732e+15 3.24542e+35 4.229206758247343e+20 5.713731904339143e+38 
1.15998e+15 3.25975e+35 4.238630991270003e+20 5.723736018648531e+38 
1.16263e+15 3.27410e+35 4.248041981318137e+20 5.733692141574642e+38 
1.16529e+15 3.28848e+35 4.257446473804528e+20 5.743675340176750e+38 
1.16795e+15 3.30289e+35 4.266844398496844e+20 5.753648097855727e+38 
1.17061e+15 3.31733e+35 4.276235687192702e+20 5.763610486813961e+38 
1.17327e+15 3.33179e+35 4.285614118719948e+20 5.773562371529385e+38 
1.17594e+15 3.34629e+35 4.294992309517619e+20 5.783541362988070e+38 
1.17861e+15 3.36081e+35 4.304357646514257e+20 5.793509849432826e+38 
1.18129e+15 3.37537e+35 4.313722698751068e+20 5.803505349459695e+38 
1.18396e+15 3.38995e+35 4.323074882736622e+20 5.813453117519413e+38 
1.18664e+15 3.40456e+35 4.332420462114355e+20 5.823427811944424e+38 
1.18932e+15 3.41920e+35 4.341759509930968e+20 5.833392136930094e+38 
1.19201e+15 3.43386e+35 4.351085702176033e+20 5.843383224481264e+38 
1.19470e+15 3.44856e+35 4.360411563607177e+20 5.853364032704665e+38 
1.19739e+15 3.46328e+35 4.369724753720672e+20 5.863334363616431e+38 
1.20008e+15 3.47804e+35 4.379037539515449e+20 5.873294497724986e+38 
1.20278e+15 3.49282e+35 4.388337663048806e+20 5.883281196515916e+38 
1.20547e+15 3.50763e+35 4.397631111936074e+20 5.893220728520377e+38 
1.20818e+15 3.52246e+35 4.406911907959712e+20 5.903223736484435e+38 
1.21088e+15 3.53733e+35 4.416192324652339e+20 5.913179616052627e+38 
1.21359e+15 3.55222e+35 4.425460043061953e+20 5.923162035519745e+38 
1.21630e+15 3.56715e+35 4.434727512013939e+20 5.933134130358644e+38 
1.21901e+15 3.58210e+35 4.443982185440714e+20 5.943096015843334e+38 
1.22172e+15 3.59708e+35 4.453230530983170e+20 5.953047553710993e+38 
1.22444e+15 3.61209e+35 4.462472209588777e+20 5.963025661849371e+38 
1.22716e+15 3.62712e+35 4.471701409920925e+20 5.972993415372861e+38 
1.22989e+15 3.64219e+35 4.480930059605129e+20 5.982987667322778e+38 
1.23261e+15 3.65728e+35 4.490146237018582e+20 5.992935011693624e+38 
1.23534e+15 3.67240e+35 4.499355901969706e+20 6.002908733947939e+38 
1.23808e+15 3.68755e+35 4.508559137388063e+20 6.012908694810214e+38 
1.24081e+15 3.70272e+35 4.517749774983355e+20 6.022862008939566e+38 
1.24355e+15 3.71793e+35 4.526940048416995e+20 6.032841544589885e+38 
1.24629e+15 3.73316e+35 4.536117761075000e+20 6.042810927725931e+38 
1.24903e+15 3.74842e+35 4.545289065278913e+20 6.052770118169564e+38 
1.25178e+15 3.76371e+35 4.554453875622735e+20 6.062755493501667e+38 
1.25453e+15 3.77902e+35 4.563606347363744e+20 6.072730631615003e+38 
1.25728e+15 3.79437e+35 4.572758306106176e+20 6.082695648917874e+38 
1.26003e+15 3.80974e+35 4.581897879615318e+20 6.092650538461632e+38 
1.26279e+15 3.82514e+35 4.591031047682121e+20 6.102631466255972e+38 
1.26555e+15 3.84057e+35 4.600157719148117e+20 6.112602304559502e+38 
1.26832e+15 3.85603e+35 4.609278072274437e+20 6.122599031587775e+38 
1.27108e+15 3.87151e+35 4.618385977091384e+20 6.132549669738954e+38 
1.27385e+15 3.88702e+35 4.627487686967913e+20 6.142526116753190e+38 
1.27662e+15 3.90256e+35 4.636582772920148e+20 6.152492622718634e+38 
1.27940e+15 3.91813e+35 4.645671636662842e+20 6.162484866485290e+38 
1.28217e+15 3.93372e+35 4.654748109246039e+20 6.172431232099109e+38 
1.28495e+15 3.94934e+35 4.663818376359926e+20 6.182403328381888e+38 
1.28773e+15 3.96499e+35 4.672882198491977e+20 6.192365422573703e+38 
1.29052e+15 3.98067e+35 4.681939754670883e+20 6.202353200132757e+38 
1.29331e+15 3.99638e+35 4.690990722395461e+20 6.212331058967785e+38 
1.29610e+15 4.01211e+35 4.700029782351099e+20 6.222298737549057e+38 
1.29889e+15 4.02787e+35 4.709062233545847e+20 6.232256589051005e+38 
1.30169e+15 4.04366e+35 4.718088708064423e+20 6.242239840372047e+38 
1.30449e+15 4.05948e+35 4.727108510481695e+20 6.252213293470620e+38 
1.30729e+15 4.07532e+35 4.736116524966810e+20 6.262176584824007e+38 
1.31010e+15 4.09119e+35 4.745117991188027e+20 6.272165599142578e+38 
1.31291e+15 4.10709e+35 4.754113239421463e+20 6.282144533098379e+38 
1.31572e+15 4.12301e+35 4.763096523369394e+20 6.292113491977300e+38 
1.31853e+15 4.13897e+35 4.772079209513870e+20 6.302072446995711e+38 
1.32135e+15 4.15495e+35 4.781049819693941e+20 6.312056969781937e+38 
1.32417e+15 4.17096e+35 4.790014249400817e+20 6.322031446882643e+38 
1.32699e+15 4.18699e+35 4.798966628645473e+20 6.331996111805576e+38 
1.32981e+15 4.20305e+35 4.807913018797861e+20 6.341950671894971e+38 
1.33264e+15 4.21914e+35 4.816852953933880e+20 6.351930730821696e+38 
1.33547e+15 4.23526e+35 4.825786664173799e+20 6.361900836396156e+38 
1.33830e+15 4.25141e+35 4.834714087547472e+20 6.371861060243025e+38 
1.34114e+15 4.26758e+35 4.843629773984276e+20 6.381846532721345e+38 
1.34398e+15 4.28378e+35 4.852539212167446e+20 6.391822101851638e+38 
1.34682e+15 4.30000e+35 4.861436957480034e+20 6.401787771183749e+38 
1.34966e+15 4.31626e+35 4.870333798316813e+20 6.411743698782560e+38 
1.35251e+15 4.33254e+35 4.879219178268332e+20 6.421724640094874e+38 
1.35536e+15 4.34885e+35 4.888098112971550e+20 6.431695880264519e+38 
1.35821e+15 4.36518e+35 4.896965686804928e+20 6.441657083876543e+38 
1.36107e+15 4.38154e+35 4.905826727718282e+20 6.451643624996908e+38 
1.36393e+15 4.39793e+35 4.914681795839100e+20 6.461620160436579e+38 
1.36679e+15 4.41435e+35 4.923530553112461e+20 6.471586960498392e+38 
1.36965e+15 4.43079e+35 4.932367974364162e+20 6.481543805407934e+38 
1.37252e+15 4.44726e+35 4.941198910723452e+20 6.491525878531295e+38 
1.37539e+15 4.46376e+35 4.950023947291952e+20 6.501497953543171e+38 
1.37826e+15 4.48029e+35 4.958842566922639e+20 6.511460431740292e+38 
1.38114e+15 4.49684e+35 4.967650023434353e+20 6.521447589799534e+38 
1.38402e+15 4.51342e+35 4.976451008894844e+20 6.531425197132840e+38 
1.38690e+15 4.53002e+35 4.985240721793306e+20 6.541392927924252e+38 
1.38978e+15 4.54666e+35 4.994029565445139e+20 6.551350945095894e+38 
1.39267e+15 4.56332e+35 5.002807115234297e+20 6.561333700376861e+38 
1.39556e+15 4.58000e+35 5.011573122574495e+20 6.571306838097060e+38 
1.39845e+15 4.59672e+35 5.020338396578205e+20 6.581270167773839e+38 
1.40135e+15 4.61346e+35 5.029092218477366e+20 6.591258312803697e+38 
1.40424e+15 4.63022e+35 5.037834882128919e+20 6.601202230146663e+38 
1.40715e+15 4.64702e+35 5.046576613463588e+20 6.611205273062926e+38 
1.41005e+15 4.66384e+35 5.055306910218897e+20 6.621164364836179e+38 
1.41296e+15 4.68069e+35 5.064031462435507e+20 6.631147861628606e+38 
1.41586e+15 4.69756e+35 5.072744486279673e+20 6.641087635487548e+38 
1.41878e+15 4.71446e+35 5.081451729147364e+20 6.651086072038940e+38 
1.42169e+15 4.73139e+35 5.090152597180281e+20 6.661040863136270e+38 
1.42461e+15 4.74834e+35 5.098842684352933e+20 6.671019923496386e+38 
1.42753e+15 4.76532e+35 5.107526440517090e+20 6.680989571214508e+38 
1.43045e+15 4.78233e+35 5.116204447364453e+20 6.690949401232115e+38 
1.43338e+15 4.79937e+35 5.124876118044774e+20 6.700933937132504e+38 
1.43631e+15 4.81643e+35 5.133537029218351e+20 6.710908598019327e+38 
1.43924e+15 4.83352e+35 5.142191791012408e+20 6.720873772561723e+38 
1.44218e+15 4.85063e+35 5.150835386319755e+20 6.730863428489401e+38 
1.44511e+15 4.86777e+35 5.159473292811941e+20 6.740809331323362e+38 
1.44805e+15 4.88494e+35 5.168105001373877e+20 6.750779780235987e+38 
1.45100e+15 4.90213e+35 5.176725916453734e+20 6.760774394125655e+38 
1.45394e+15 4.91935e+35 5.185340615941021e+20 6.770725781580963e+38 
1.45689e+15 4.93660e+35 5.193949696252033e+20 6.780701215942533e+38 
1.45984e+15 4.95387e+35 5.202547573938482e+20 6.790667320362936e+38 
1.46280e+15 4.97117e+35 5.211139801171332e+20 6.800657436742161e+38 
1.46576e+15 4.98850e+35 5.219725750037002e+20 6.810638267473173e+38 
1.46872e+15 5.00585e+35 5.228301197859271e+20 6.820609298644982e+38 
1.47168e+15 5.02323e+35 5.236870519503381e+20 6.830571000675914e+38 
1.47464e+15 5.04064e+35 5.245433897866398e+20 6.840523261598638e+38 
1.47761e+15 5.05807e+35 5.253986824696368e+20 6.850499382843865e+38 
1.48058e+15 5.07553e+35 5.262533517170609e+20 6.860466291565893e+38 
1.48356e+15 5.09302e+35 5.271074567139454e+20 6.870457073373100e+38 
1.48654e+15 5.11053e+35 5.279604616459962e+20 6.880438556767067e+38 
1.48952e+15 5.12807e+35 5.288129159498779e+20 6.890410305051228e+38 
1.49250e+15 5.14563e+35 5.296642593189982e+20 6.900372927364206e+38 
1.49548e+15 5.16322e+35 5.305150582222984e+20 6.910325837016426e+38 
1.49847e+15 5.18084e+35 5.313652583920911e+20 6.920302828820462e+38 
1.50146e+15 5.19848e+35 5.322143860613617e+20 6.930270460153810e+38 
1.50446e+15 5.21615e+35 5.330629589064630e+20 6.940261779546787e+38 
1.50745e+15 5.23384e+35 5.339104357384387e+20 6.950210687326201e+38 
1.51045e+15 5.25157e+35 5.347578562053248e+20 6.960183126684695e+38 
1.51346e+15 5.26931e+35 5.356036985222679e+20 6.970179723531530e+38 
1.51646e+15 5.28709e+35 5.364494697041328e+20 6.980133502366041e+38 
1.51947e+15 5.30489e+35 5.372941792170025e+20 6.990111151944160e+38 
1.52248e+15 5.32272e+35 5.381383114555184e+20 7.000079440012015e+38 
1.52549e+15 5.34057e+35 5.389814029374713e+20 7.010038328031628e+38 
1.52851e+15 5.35845e+35 5.398239065586960e+20 7.020021046046213e+38 
1.53153e+15 5.37635e+35 5.406653912546566e+20 7.029994217875313e+38 
1.53455e+15 5.39428e+35 5.415062653722912e+20 7.039958365260265e+38 
1.53758e+15 5.41224e+35 5.423466119828086e+20 7.049945810675161e+38 
1.54061e+15 5.43022e+35 5.431858896850292e+20 7.059924160260187e+38 
1.54364e+15 5.44823e+35 5.440246009063575e+20 7.069893173438052e+38 
1.54667e+15 5.46627e+35 5.448627594673653e+20 7.079852766969722e+38 
1.54971e+15 5.48433e+35 5.456998651111921e+20 7.089836084381349e+38 
1.55275e+15 5.50242e+35 5.465364219098099e+20 7.099809959039811e+38 
1.55579e+15 5.52053e+35 5.473719275058136e+20 7.109774744594817e+38 
1.55883e+15 5.53867e+35 5.482069009109618e+20 7.119730023447491e+38 
1.56188e+15 5.55683e+35 5.490408187826562e+20 7.129709035481750e+38 
1.56493e+15 5.57502e+35 5.498741927086307e+20 7.139678640674822e+38 
1.56798e+15 5.59324e+35 5.507070111972639e+20 7.149638955287156e+38 
1.57104e+15 5.61148e+35 5.515387721797108e+20 7.159622987266648e+38 
1.57410e+15 5.62975e+35 5.523700249618624e+20 7.169597359709763e+38 
1.57716e+15 5.64805e+35 5.532006780445553e+20 7.179562827219507e+38 
1.58023e+15 5.66637e+35 5.540303305452076e+20 7.189551526263572e+38 
1.58329e+15 5.68472e+35 5.548594302149194e+20 7.199498462327878e+38 
1.58636e+15 5.70309e+35 5.556875114589249e+20 7.209468796474592e+38 
1.58944e+15 5.72149e+35 5.565150468495310e+20 7.219462301976261e+38 
1.59251e+15 5.73991e+35 5.573415565944917e+20 7.229414364629086e+38 
1.59559e+15 5.75836e+35 5.581675454837270e+20 7.239389404621860e+38 
1.59867e+15 5.77684e+35 5.589929457996775e+20 7.249355560530370e+38 
1.60176e+15 5.79534e+35 5.598173671212182e+20 7.259344729533473e+38 
1.60485e+15 5.81386e+35 5.606407932367037e+20 7.269324719907969e+38 
1.60794e+15 5.83242e+35 5.614640810772692e+20 7.279295818207000e+38 
1.61103e+15 5.85100e+35 5.622864177121669e+20 7.289257448204580e+38 
1.61413e+15 5.86960e+35 5.631077304158875e+20 7.299242443319892e+38 
1.61722e+15 5.88823e+35 5.639285097362111e+20 7.309186024757285e+38 
1.62033e+15 5.90689e+35 5.647487394276246e+20 7.319184845037363e+38 
1.62343e+15 5.92557e+35 5.655679740473122e+20 7.329142493425352e+38 
1.62654e+15 5.94427e+35 5.663862453246219e+20 7.339123002957552e+38 
1.62965e+15 5.96301e+35 5.672043756587273e+20 7.349094693158111e+38 
1.63276e+15 5.98177e+35 5.680215587436800e+20 7.359057042476024e+38 
1.63588e+15 6.00055e+35 5.688377491762504e+20 7.369042461052718e+38 
1.63899e+15 6.01936e+35 5.696533759858535e+20 7.378987022738969e+38 
1.64212e+15 6.03819e+35 5.704680775547504e+20 7.388986056063895e+38 
1.64524e+15 6.05705e+35 5.712821889642752e+20 7.398944516143386e+38 
1.64837e+15 6.07594e+35 5.720957806220649e+20 7.408925684052450e+38 
1.65150e+15 6.09485e+35 5.729084173264005e+20 7.418897700799386e+38 
1.65463e+15 6.11379e+35 5.737204847371552e+20 7.428860966696041e+38 
1.65777e+15 6.13275e+35 5.745316138814298e+20 7.438846812262005e+38 
1.66090e+15 6.15174e+35 5.753421851581035e+20 7.448792061088267e+38 
1.66404e+15 6.17076e+35 5.761522441283499e+20 7.458759907543893e+38 
1.66719e+15 6.18980e+35 5.769613254802579e+20 7.468750628845346e+38 
1.67034e+15 6.20886e+35 5.777694389049295e+20 7.478732433709120e+38 
1.67348e+15 6.22795e+35 5.785770556897486e+20 7.488673319277695e+38 
1.67664e+15 6.24707e+35 5.793840977916367e+20 7.498668895534714e+38 
1.67979e+15 6.26621e+35 5.801902104832619e+20 7.508623701194528e+38 
1.68295e+15 6.28538e+35 5.809958024916753e+20 7.518601080859263e+38 
1.68611e+15 6.30457e+35 5.818004105534310e+20 7.528569813753165e+38 
1.68928e+15 6.32379e+35 5.826045211145986e+20 7.538560877365202e+38 
1.69244e+15 6.34303e+35 5.834076733498348e+20 7.548511627297853e+38 
1.69561e+15 6.36230e+35 5.842103010802447e+20 7.558484941300129e+38 
1.69878e+15 6.38159e+35 5.850119851023400e+20 7.568449373796278e+38 
1.70196e+15 6.40091e+35 5.858131373684897e+20 7.578436382616270e+38 
1.70514e+15 6.42025e+35 5.866133794418198e+20 7.588414250030953e+38 
1.70832e+15 6.43962e+35 5.874130570433747e+20 7.598383585870490e+38 
1.71150e+15 6.45902e+35 5.882122316237394e+20 7.608343895148514e+38 
1.71469e+15 6.47844e+35 5.890104934005503e+20 7.618326474177614e+38 
1.71788e+15 6.49789e+35 5.898081854292910e+20 7.628300599020045e+38 
1.72107e+15 6.51736e+35 5.906049879221101e+20 7.638265538660947e+38 
1.72426e+15 6.53685e+35 5.914008591376695e+20 7.648221693552271e+38 
1.72746e+15 6.55638e+35 5.921965938331670e+20 7.658200443645489e+38 
1.73066e+15 6.57592e+35 5.929910253414789e+20 7.668170125171513e+38 
1.73387e+15 6.59549e+35 5.937849253340373e+20 7.678162251966775e+38 
1.73707e+15 6.61509e+35 5.945783159732191e+20 7.688114402463544e+38 
1.74028e+15 6.63471e+35 5.953707864830905e+20 7.698088863703983e+38 
1.74349e+15 6.65436e+35 5.961627304772252e+20 7.708054644575203e+38 
1.74671e+15 6.67404e+35 5.969541914467722e+20 7.718042400223130e+38 
1.74993e+15 6.69373e+35 5.977443033370545e+20 7.728021647172250e+38 
1.75315e+15 6.71346e+35 5.985343045704835e+20 7.737992123537382e+38 
1.75637e+15 6.73321e+35 5.993234367728939e+20 7.747953486711459e+38 
1.75959e+15 6.75298e+35 6.001116094444112e+20 7.757906562171321e+38 
1.76282e+15 6.77278e+35 6.008992912330570e+20 7.767881650224176e+38 
1.76606e+15 6.79260e+35 6.016860948605785e+20 7.777878612248860e+38 
1.76929e+15 6.81245e+35 6.024723489824144e+20 7.787836362720805e+38 
1.77253e+15 6.83232e+35 6.032577270999586e+20 7.797815990321122e+38 
1.77577e+15 6.85222e+35 6.040425920682088e+20 7.807786967987806e+38 
1.77901e+15 6.87215e+35 6.048269502126058e+20 7.817749264071301e+38 
1.78226e+15 6.89210e+35 6.056104251712664e+20 7.827733470511913e+38 
1.78551e+15 6.91207e+35 6.063929687330840e+20 7.837709291249012e+38 
1.78876e+15 6.93207e+35 6.071750528455706e+20 7.847676062296948e+38 
1.79201e+15 6.95210e+35 6.079566209913649e+20 7.857634299322831e+38 
1.79527e+15 6.97215e+35 6.087372732513550e+20 7.867614722661290e+38 
1.79853e+15 6.99222e+35 6.095170819023169e+20 7.877586090298609e+38 
1.80179e+15 7.01232e+35 6.102963614370419e+20 7.887549084308031e+38 
1.80506e+15 7.03244e+35 6.110747529102311e+20 7.897534008067678e+38 
1.80833e+15 7.05259e+35 6.118526742282884e+20 7.907510048033200e+38 
1.81160e+15 7.07277e+35 6.126300714345850e+20 7.917477701421006e+38 
1.81487e+15 7.09297e+35 6.134066014688212e+20 7.927436630659065e+38 
1.81815e+15 7.11319e+35 6.141822570505003e+20 7.937417359911797e+38 
1.82143e+15 7.13344e+35 6.149573985317831e+20 7.947389659482533e+38 
1.82471e+15 7.15372e+35 6.157320767557924e+20 7.957353102511436e+38 
1.82800e+15 7.17402e+35 6.165058658922458e+20 7.967338447534953e+38 
1.83128e+15 7.19434e+35 6.172787600066698e+20 7.977285090460305e+38 
1.83457e+15 7.21469e+35 6.180512218048382e+20 7.987252982542014e+38 
1.83787e+15 7.23506e+35 6.188227678321439e+20 7.997243001232669e+38 
1.84117e+15 7.25546e+35 6.195938175759605e+20 8.007224507064987e+38 
1.84447e+15 7.27589e+35 6.203644302493723e+20 8.017196994525851e+38 
1.84777e+15 7.29634e+35 6.211341282660602e+20 8.027161391684269e+38 
1.85107e+15 7.31681e+35 6.219029801101488e+20 8.037117131273319e+38 
1.85438e+15 7.33731e+35 6.226713642511426e+20 8.047094350013742e+38 
1.85769e+15 7.35783e+35 6.234388685248164e+20 8.057063233251880e+38 
1.86101e+15 7.37838e+35 6.242058976799582e+20 8.067053617444437e+38 
1.86432e+15 7.39895e+35 6.249720717699313e+20 8.077005412020844e+38 
1.86764e+15 7.41955e+35 6.257377501866048e+20 8.086978899128878e+38 
1.87096e+15 7.44017e+35 6.265026056200919e+20 8.096943633198733e+38 
1.87429e+15 7.46082e+35 6.272669567720060e+20 8.106930093247074e+38 
1.87762e+15 7.48149e+35 6.280304430980016e+20 8.116908198345373e+38 
1.88095e+15 7.50219e+35 6.287935037568544e+20 8.126877350478366e+38 
1.88428e+15 7.52291e+35 6.295556691854197e+20 8.136838494193030e+38 
1.88762e+15 7.54365e+35 6.303169965949021e+20 8.146821030035300e+38 
1.89096e+15 7.56443e+35 6.310782444754841e+20 8.156794833460547e+38 
1.89430e+15 7.58522e+35 6.318382535251748e+20 8.166760483787607e+38 
1.89764e+15 7.60604e+35 6.325977958584396e+20 8.176717651701907e+38 
1.90099e+15 7.62689e+35 6.333568748200961e+20 8.186696102245718e+38 
1.90434e+15 7.64776e+35 6.341151002686904e+20 8.196666280582601e+38 
1.90769e+15 7.66865e+35 6.348725088389076e+20 8.206627894961507e+38 
1.91105e+15 7.68957e+35 6.356294455630023e+20 8.216610835791030e+38 
1.91441e+15 7.71051e+35 6.363855152181834e+20 8.226585691812232e+38 
1.91777e+15 7.73148e+35 6.371411692673445e+20 8.236551667678301e+38 
1.92114e+15 7.75248e+35 6.378963268951053e+20 8.246539148715399e+38 
1.92450e+15 7.77349e+35 6.386502703924954e+20 8.256488891039111e+38 
1.92787e+15 7.79454e+35 6.394041532390791e+20 8.266459443190197e+38 
1.93125e+15 7.81560e+35 6.401568405601788e+20 8.276451317726525e+38 
1.93462e+15 7.83670e+35 6.409093881022921e+20 8.286405574331251e+38 
1.93800e+15 7.85781e+35 6.416607891047812e+20 8.296380736167835e+38 
1.94138e+15 7.87895e+35 6.424117272153459e+20 8.306347555072217e+38 
1.94477e+15 7.90012e+35 6.431621792058742e+20 8.316335718224559e+38 
1.94816e+15 7.92131e+35 6.439118385958428e+20 8.326315312752741e+38 
1.95155e+15 7.94252e+35 6.446606584936715e+20 8.336286814099230e+38 
1.95494e+15 7.96376e+35 6.454090341702818e+20 8.346249862256884e+38 
1.95833e+15 7.98503e+35 6.461569561641094e+20 8.356204565819334e+38 
1.96173e+15 8.00631e+35 6.469036931013282e+20 8.366180555881822e+38 
1.96513e+15 8.02763e+35 6.476503285046672e+20 8.376148200082988e+38 
1.96854e+15 8.04896e+35 6.483958367310473e+20 8.386136576045797e+38 
1.97194e+15 8.07033e+35 6.491411978068892e+20 8.396087769208412e+38 
1.97535e+15 8.09171e+35 6.498854074499674e+20 8.406059953576182e+38 
1.97877e+15 8.11312e+35 6.506291994077207e+20 8.416052745394175e+38 
1.98218e+15 8.13456e+35 6.513725000128403e+20 8.426008416288747e+38 
1.98560e+15 8.15602e+35 6.521150064570320e+20 8.435984976720776e+38 
1.98902e+15 8.17750e+35 6.528567271100052e+20 8.445953181047047e+38 
1.99245e+15 8.19901e+35 6.535979821162264e+20 8.455942407140571e+38 
1.99587e+15 8.22055e+35 6.543387903895575e+20 8.465894252164265e+38 
1.99930e+15 8.24210e+35 6.550784765025871e+20 8.475866837044977e+38 
2.00274e+15 8.26369e+35 6.558180093493323e+20 8.485860694110494e+38 
2.00617e+15 8.28529e+35 6.565564578061542e+20 8.495816840689164e+38 
2.00961e+15 8.30692e+35 6.572944505857648e+20 8.505793890351717e+38 
2.01305e+15 8.32858e+35 6.580319601269642e+20 8.515763086025205e+38 
2.01649e+15 8.35026e+35 6.587687047981192e+20 8.525723900662643e+38 
2.01994e+15 8.37196e+35 6.595046938856663e+20 8.535705205387096e+38 
2.02339e+15 8.39369e+35 6.602401855561539e+20 8.545678831766539e+38 
2.02684e+15 8.41545e+35 6.609752495748477e+20 8.555644137933342e+38 
2.03030e+15 8.43722e+35 6.617092198146390e+20 8.565629921901014e+38 
2.03375e+15 8.45903e+35 6.624430540148885e+20 8.575579002618332e+38 
2.03721e+15 8.48085e+35 6.631757773132608e+20 8.585548756213672e+38 
2.04068e+15 8.50270e+35 6.639080815027194e+20 8.595538958504046e+38 
2.04414e+15 8.52458e+35 6.646399141633179e+20 8.605492549730207e+38 
2.04761e+15 8.54648e+35 6.653709902642745e+20 8.615466621086945e+38 
2.05109e+15 8.56840e+35 6.661013087896633e+20 8.625461150827333e+38 
2.05456e+15 8.59035e+35 6.668311412875753e+20 8.635419319333943e+38 
2.05804e+15 8.61232e+35 6.675602373787054e+20 8.645397762043177e+38 
2.06152e+15 8.63432e+35 6.682889141656933e+20 8.655367940802503e+38 
2.06500e+15 8.65634e+35 6.690167827934820e+20 8.665330440399215e+38 
2.06849e+15 8.67838e+35 6.697438872711189e+20 8.675313468880428e+38 
2.07198e+15 8.70045e+35 6.704706047390738e+20 8.685287960282683e+38 
2.07547e+15 8.72255e+35 6.711968439607688e+20 8.695254815799357e+38 
2.07896e+15 8.74466e+35 6.719219923354978e+20 8.705213643163222e+38 
2.08246e+15 8.76681e+35 6.726470639570584e+20 8.715192679691346e+38 
2.08596e+15 8.78897e+35 6.733710363334827e+20 8.725163800169252e+38 
2.08946e+15 8.81116e+35 6.740945581440384e+20 8.735127089445587e+38 
2.09297e+15 8.83338e+35 6.748176955498803e+20 8.745110355953485e+38 
2.09648e+15 8.85562e+35 6.755400274391092e+20 8.755086081892116e+38 
2.09999e+15 8.87788e+35 6.762616218158984e+20 8.765053644035113e+38 
2.10350e+15 8.90017e+35 6.769828204279721e+20 8.775012899221534e+38 
2.10702e+15 8.92248e+35 6.777032405263505e+20 8.784992794573908e+38 
2.11054e+15 8.94482e+35 6.784231965973042e+20 8.794965056403975e+38 
2.11406e+15 8.96718e+35 6.791424853550692e+20 8.804928548934268e+38 
2.11759e+15 8.98956e+35 6.798609899927287e+20 8.814912725640078e+38 
2.12112e+15 9.01197e+35 6.805790287462354e+20 8.824889326323333e+38 
2.12465e+15 9.03440e+35 6.812963763860370e+20 8.834857445273671e+38 
2.12818e+15 9.05686e+35 6.820133128780241e+20 8.844817501506634e+38 
2.13172e+15 9.07934e+35 6.827294423833446e+20 8.854798460833719e+38 
2.13526e+15 9.10185e+35 6.834452054236944e+20 8.864770923810100e+38 
2.13880e+15 9.12438e+35 6.841602211875915e+20 8.874735537680192e+38 
2.14235e+15 9.14693e+35 6.848744762668986e+20 8.884720588067549e+38 
2.14589e+15 9.16951e+35 6.855883255155387e+20 8.894669474064363e+38 
2.14944e+15 9.19211e+35 6.863014689649017e+20 8.904638271625469e+38 
2.15300e+15 9.21474e+35 6.870141366905805e+20 8.914627788973848e+38 
2.15655e+15 9.23739e+35 6.877261082755826e+20 8.924580998555559e+38 
2.16011e+15 9.26006e+35 6.884373675450086e+20 8.934554171864333e+38 
2.16368e+15 9.28276e+35 6.891481772695962e+20 8.944547777174647e+38 
2.16724e+15 9.30548e+35 6.898582443928163e+20 8.954505657666650e+38 
2.17081e+15 9.32823e+35 6.905679506220127e+20 8.964483093813905e+38 
2.17438e+15 9.35100e+35 6.912769072616786e+20 8.974452896343062e+38 
2.17795e+15 9.37379e+35 6.919851073295471e+20 8.984415172709264e+38 
2.18153e+15 9.39661e+35 6.926929352480550e+20 8.994397086530902e+38 
2.18511e+15 9.41946e+35 6.934003598853053e+20 9.004371051741772e+38 
2.18869e+15 9.44232e+35 6.941067043545657e+20 9.014337683615626e+38 
2.19228e+15 9.46521e+35 6.948126811244006e+20 9.024323878002816e+38 
2.19586e+15 9.48813e+35 6.955182497367109e+20 9.034274425028562e+38 
2.19945e+15 9.51107e+35 6.962230611856108e+20 9.044245357118493e+38 
2.20305e+15 9.53403e+35 6.969271931701064e+20 9.054235863938855e+38 
2.20664e+15 9.55702e+35 6.976309354373469e+20 9.064190639328690e+38 
2.21024e+15 9.58003e+35 6.983339059600776e+20 9.074165936773333e+38 
2.21384e+15 9.60306e+35 6.990361938995561e+20 9.084133152493762e+38 
2.21745e+15 9.62612e+35 6.997381158072138e+20 9.094119849738308e+38 
2.22105e+15 9.64921e+35 7.004395838732599e+20 9.104071605520981e+38 
2.22466e+15 9.67231e+35 7.011400327440925e+20 9.114043315768492e+38 
2.22828e+15 9.69544e+35 7.018401168204635e+20 9.124034465547149e+38 
2.23189e+15 9.71860e+35 7.025398076044449e+20 9.133990161258817e+38 
2.23551e+15 9.74178e+35 7.032387268574233e+20 9.143966362138446e+38 
2.23913e+15 9.76498e+35 7.039370046289660e+20 9.153934192117463e+38 
2.24276e+15 9.78821e+35 7.046348764742072e+20 9.163921847250343e+38 
2.24638e+15 9.81146e+35 7.053320138551747e+20 9.173874612747824e+38 
2.25001e+15 9.83473e+35 7.060284720081504e+20 9.183846947406336e+38 
2.25365e+15 9.85803e+35 7.067245691716469e+20 9.193838619947919e+38 
2.25728e+15 9.88136e+35 7.074202010858240e+20 9.203795813985433e+38 
2.26092e+15 9.90470e+35 7.081148641738150e+20 9.213772474739294e+38 
2.26456e+15 9.92807e+35 7.088091656510677e+20 9.223741074119516e+38 
2.26820e+15 9.95147e+35 7.095030500670010e+20 9.233702199022027e+38 
2.27185e+15 9.97489e+35 7.101961996962714e+20 9.243683429145884e+38 
2.27550e+15 9.99833e+35 7.108887124827170e+20 9.253656416277904e+38 
2.27915e+15 1.00218e+36 7.115808479355087e+20 9.263621555651737e+38 
2.28281e+15 1.00453e+36 7.122725164963365e+20 9.273607060205748e+38 
2.28647e+15 1.00688e+36 7.129629550299654e+20 9.283584424206383e+38 
2.29013e+15 1.00923e+36 7.136521390033251e+20 9.293553968385708e+38 
2.29379e+15 1.01159e+36 7.143429537446617e+20 9.303516166301499e+38 
2.29746e+15 1.01395e+36 7.150324916779660e+20 9.313497987506127e+38 
2.30112e+15 1.01631e+36 7.157208051726113e+20 9.323444561255900e+38 
2.30480e+15 1.01867e+36 7.164078271338799e+20 9.333438151180630e+38 
2.30847e+15 1.02104e+36 7.170964820849395e+20 9.343397103614099e+38 
2.31215e+15 1.02341e+36 7.177839104016414e+20 9.353375194374978e+38 
2.31583e+15 1.02578e+36 7.184700925419237e+20 9.363345547831148e+38 
2.31951e+15 1.02815e+36 7.191549545358594e+20 9.373309002683321e+38 
2.32320e+15 1.03052e+36 7.198386121590245e+20 9.383291462268714e+38 
2.32689e+15 1.03290e+36 7.205239339040980e+20 9.393265994735913e+38 
2.33058e+15 1.03528e+36 7.212079569532737e+20 9.403233457097336e+38 
2.33427e+15 1.03766e+36 7.218907283514816e+20 9.413193425433163e+38 
2.33797e+15 1.04005e+36 7.225751630406217e+20 9.423172362424284e+38 
2.34167e+15 1.04244e+36 7.232583627733537e+20 9.433143613263111e+38 
2.34537e+15 1.04483e+36 7.239402526254161e+20 9.443108031856113e+38 
2.34908e+15 1.04722e+36 7.246209611296258e+20 9.453091234318555e+38 
2.35279e+15 1.04961e+36 7.253004480600606e+20 9.463066769125912e+38 
2.35650e+15 1.05201e+36 7.259815111073382e+20 9.473035098066922e+38 
2.36021e+15 1.05441e+36 7.266613332990144e+20 9.482995987463649e+38 
2.36393e+15 1.05681e+36 7.273399798482111e+20 9.492975632824477e+38 
2.36765e+15 1.05921e+36 7.280173740752661e+20 9.502948051007143e+38 
2.37137e+15 1.06162e+36 7.286963263837551e+20 9.512913355823640e+38 
2.37510e+15 1.06403e+36 7.293741036122514e+20 9.522897398543523e+38 
2.37882e+15 1.06644e+36 7.300506821343896e+20 9.532846959574843e+38 
2.38256e+15 1.06885e+36 7.307259858452627e+20 9.542843123006634e+38 
2.38629e+15 1.07127e+36 7.314028751543649e+20 9.552805046387187e+38 
2.39003e+15 1.07369e+36 7.320786121945465e+20 9.562785497777133e+38 
2.39377e+15 1.07611e+36 7.327531081808932e+20 9.572758769373855e+38 
2.39751e+15 1.07853e+36 7.334263589069952e+20 9.582724972284079e+38 
2.40125e+15 1.08095e+36 7.340984346311651e+20 9.592683422864048e+38 
2.40500e+15 1.08338e+36 7.347721202285765e+20 9.602660620257357e+38 
2.40875e+15 1.08581e+36 7.354445447174776e+20 9.612630968130906e+38 
2.41250e+15 1.08824e+36 7.361157814243961e+20 9.622593748158003e+38 
2.41626e+15 1.09068e+36 7.367886112596853e+20 9.632575283751270e+38 
2.42002e+15 1.09312e+36 7.374602179447545e+20 9.642549613965426e+38 
2.42378e+15 1.09555e+36 7.381278682381425e+20 9.652516676226535e+38 
2.42755e+15 1.09800e+36 7.387998436210973e+20 9.662502519027738e+38 
2.43131e+15 1.10044e+36 7.394679037996875e+20 9.672454281687418e+38 
2.43508e+15 1.10289e+36 7.401374645090450e+20 9.682425610393813e+38 
2.43886e+15 1.10534e+36 7.408058512143679e+20 9.692415802815872e+38 
2.44263e+15 1.10779e+36 7.414730926966549e+20 9.702371754298316e+38 
2.44641e+15 1.11024e+36 7.421391314343043e+20 9.712346967295094e+38 
2.45019e+15 1.11270e+36 7.428066759091065e+20 9.722315117868712e+38 
2.45398e+15 1.11515e+36 7.434703558007399e+20 9.732301993002464e+38 
2.45776e+15 1.11761e+36 7.441356133832481e+20 9.742254689579027e+38 
2.46155e+15 1.12008e+36 7.448023396136733e+20 9.752226959527602e+38 
2.46535e+15 1.12254e+36 7.454652001966290e+20 9.762218109509232e+38 
2.46914e+15 1.12501e+36 7.461296210604042e+20 9.772175219840255e+38 
2.47294e+15 1.12748e+36 7.467928622448841e+20 9.782151365442915e+38 
2.47674e+15 1.12995e+36 7.474549117534317e+20 9.792120458130517e+38 
2.48054e+15 1.13243e+36 7.481184960884352e+20 9.802081982465578e+38 
2.48435e+15 1.13491e+36 7.487809410675391e+20 9.812062092241021e+38 
2.48816e+15 1.13738e+36 7.494395233561893e+20 9.822035273289798e+38 
2.49197e+15 1.13987e+36 7.501022724565475e+20 9.832001180699943e+38 
2.49579e+15 1.14235e+36 7.507612395963840e+20 9.841985530119196e+38 
2.49961e+15 1.14484e+36 7.514217105327172e+20 9.851962527628335e+38 
2.50343e+15 1.14733e+36 7.520809910815666e+20 9.861932617495923e+38 
2.50725e+15 1.14982e+36 7.527391200631344e+20 9.871895436808482e+38 
2.51108e+15 1.15231e+36 7.533961608218960e+20 9.881876402579335e+38 
2.51490e+15 1.15481e+36 7.540546623257423e+20 9.891824363442515e+38 
2.51874e+15 1.15731e+36 7.547119951139581e+20 9.901817353728397e+38 
2.52257e+15 1.15981e+36 7.553682001136073e+20 9.911776887654602e+38 
2.52641e+15 1.16231e+36 7.560233004005762e+20 9.921754779339852e+38 
2.53025e+15 1.16481e+36 7.566772329842687e+20 9.931725771940670e+38 
2.53409e+15 1.16732e+36 7.573326340064777e+20 9.941689627281137e+38 
2.53794e+15 1.16983e+36 7.579869294917197e+20 9.951671838114996e+38 
2.54179e+15 1.17235e+36 7.586426931126689e+20 9.961646799641922e+38 
2.54564e+15 1.17486e+36 7.592947050877923e+20 9.971614743748734e+38 
2.54949e+15 1.17738e+36 7.599481953370522e+20 9.981575349124884e+38 
2.55335e+15 1.17990e+36 7.606005783027369e+20 9.991554359911208e+38 
2.55721e+15 1.18242e+36 7.612518239146154e+20 1.000152629002933e+39 
2.56107e+15 1.18494e+36 7.619019252675411e+20 1.001149127757232e+39 
2.56494e+15 1.18747e+36 7.625535144232700e+20 1.002147451501174e+39 
2.56881e+15 1.19000e+36 7.632039981265669e+20 1.003145036213216e+39 
2.57268e+15 1.19253e+36 7.638533322204769e+20 1.004141937238044e+39 
2.57655e+15 1.19506e+36 7.645015518127431e+20 1.005138121455351e+39 
2.58043e+15 1.19760e+36 7.651512386977513e+20 1.006136136867422e+39 
2.58431e+15 1.20014e+36 7.657998304223121e+20 1.007133412270503e+39 
2.58819e+15 1.20268e+36 7.664472711920829e+20 1.008130016210438e+39 
2.59207e+15 1.20522e+36 7.670936221489054e+20 1.009125886169637e+39 
2.59596e+15 1.20777e+36 7.677414231835587e+20 1.010123590062746e+39 
2.59985e+15 1.21031e+36 7.683855839924325e+20 1.011120577003775e+39 
2.60375e+15 1.21286e+36 7.690311595334515e+20 1.012119432445478e+39 
2.60764e+15 1.21542e+36 7.696781699208354e+20 1.013115002889508e+39 
2.61154e+15 1.21797e+36 7.703215783977497e+20 1.014112392482327e+39 
2.61544e+15 1.22053e+36 7.709663930577644e+20 1.015109089949845e+39 
2.61935e+15 1.22309e+36 7.716101013227901e+20 1.016107639847828e+39 
2.62325e+15 1.22565e+36 7.722527374744971e+20 1.017102901756404e+39 
2.62716e+15 1.22821e+36 7.728943023433212e+20 1.018099984506659e+39 
2.63108e+15 1.23078e+36 7.735372530987484e+20 1.019098936662262e+39 
2.63499e+15 1.23335e+36 7.741791042812785e+20 1.020094641827512e+39 
2.63891e+15 1.23592e+36 7.748198992008822e+20 1.021092149727241e+39 
2.64283e+15 1.23849e+36 7.754596318154984e+20 1.022088925601022e+39 
2.64676e+15 1.24107e+36 7.761007296608840e+20 1.023087578346945e+39 
2.65068e+15 1.24365e+36 7.767407488040711e+20 1.024082977956353e+39 
2.65461e+15 1.24623e+36 7.773797013292413e+20 1.025080194993104e+39 
2.65855e+15 1.24881e+36 7.780176073537559e+20 1.026079206876467e+39 
2.66248e+15 1.25140e+36 7.786568689974389e+20 1.027075021244992e+39 
2.66642e+15 1.25398e+36 7.792925944420817e+20 1.028072660630763e+39 
2.67036e+15 1.25657e+36 7.799297361619514e+20 1.029069568305105e+39 
2.67430e+15 1.25917e+36 7.805682617829610e+20 1.030065772908166e+39 
2.67825e+15 1.26176e+36 7.812032494991999e+20 1.031063817620659e+39 
2.68220e+15 1.26436e+36 7.818396298035519e+20 1.032061147896952e+39 
2.68615e+15 1.26696e+36 7.824749580821804e+20 1.033057758958086e+39 
2.69011e+15 1.26956e+36 7.831092172393392e+20 1.034056196619951e+39 
2.69407e+15 1.27216e+36 7.837424012006537e+20 1.035053949673930e+39 
2.69803e+15 1.27477e+36 7.843769794736525e+20 1.036050977553997e+39 
2.70199e+15 1.27738e+36 7.850105086927435e+20 1.037047292815809e+39 
2.70596e+15 1.27999e+36 7.856429687655776e+20 1.038045437693378e+39 
2.70992e+15 1.28260e+36 7.862743706958074e+20 1.039040376801345e+39 
2.71390e+15 1.28522e+36 7.869071414407303e+20 1.040039634597386e+39 
2.71787e+15 1.28783e+36 7.875364801255320e+20 1.041035647920033e+39 
2.72185e+15 1.29045e+36 7.881671515624804e+20 1.042033506902599e+39 
2.72583e+15 1.29308e+36 7.887991846953577e+20 1.043030660042011e+39 
2.72981e+15 1.29570e+36 7.894277696120380e+20 1.044027117111576e+39 
2.73380e+15 1.29833e+36 7.900577339407830e+20 1.045025350829864e+39 
2.73778e+15 1.30096e+36 7.906866315956868e+20 1.046020415255015e+39 
2.74178e+15 1.30359e+36 7.913144958384547e+20 1.047019775157756e+39 
2.74577e+15 1.30622e+36 7.919413311874381e+20 1.048015933094771e+39 
2.74977e+15 1.30886e+36 7.925695207734293e+20 1.049013881384763e+39 
2.75377e+15 1.31150e+36 7.931966466374589e+20 1.050011166202719e+39 
2.75777e+15 1.31414e+36 7.938227607252371e+20 1.051007732513087e+39 
2.76177e+15 1.31678e+36 7.944478491616547e+20 1.052003602084205e+39 
2.76578e+15 1.31943e+36 7.950742823828687e+20 1.053001257585267e+39 
2.76979e+15 1.32208e+36 7.956996561509019e+20 1.053998254552984e+39 
2.77381e+15 1.32473e+36 7.963240135135275e+20 1.054997031773725e+39 
2.77782e+15 1.32738e+36 7.969473697998866e+20 1.055992607775029e+39 
2.78184e+15 1.33004e+36 7.975720506770519e+20 1.056989978041101e+39 
2.78586e+15 1.33269e+36 7.981933434558376e+20 1.057986683224039e+39 
2.78989e+15 1.33535e+36 7.988159669596129e+20 1.058985170663251e+39 
2.79391e+15 1.33801e+36 7.994375837381286e+20 1.059980480012629e+39 
2.79794e+15 1.34068e+36 8.000605307868601e+20 1.060977561695943e+39 
2.80198e+15 1.34335e+36 8.006824402700194e+20 1.061976450370873e+39 
2.80601e+15 1.34601e+36 8.013010171980920e+20 1.062972172846453e+39 
2.81005e+15 1.34869e+36 8.019232361312222e+20 1.063969671668656e+39 
2.81409e+15 1.35136e+36 8.025421189351748e+20 1.064966489399482e+39 
2.81814e+15 1.35404e+36 8.031623192567158e+20 1.065965075258986e+39 
2.82218e+15 1.35671e+36 8.037791944094857e+20 1.066960520409515e+39 
2.82623e+15 1.35939e+36 8.043973855695641e+20 1.067957734070305e+39 
2.83029e+15 1.36208e+36 8.050168700073453e+20 1.068956730271057e+39 
2.83434e+15 1.36476e+36 8.056330449902301e+20 1.069952589621204e+39 
2.83840e+15 1.36745e+36 8.062505354465106e+20 1.070950203739724e+39 
2.84246e+15 1.37014e+36 8.068670274035040e+20 1.071947133685639e+39 
2.84652e+15 1.37283e+36 8.074825154050101e+20 1.072943391394388e+39 
2.85059e+15 1.37553e+36 8.080992951392768e+20 1.073941417890850e+39 
2.85466e+15 1.37822e+36 8.087127912188639e+20 1.074938771837275e+39 
2.85873e+15 1.38092e+36 8.093276025654939e+20 1.075935413730235e+39 
2.86281e+15 1.38363e+36 8.099436780086280e+20 1.076933843286909e+39 
2.86689e+15 1.38633e+36 8.105564970812458e+20 1.077931584847715e+39 
2.87097e+15 1.38904e+36 8.111705976205440e+20 1.078928645657282e+39 
2.87505e+15 1.39174e+36 8.117814468613232e+20 1.079925031860314e+39 
2.87913e+15 1.39445e+36 8.123935788892895e+20 1.080920737689217e+39 
2.88322e+15 1.39717e+36 8.130069889675370e+20 1.081918199059817e+39 
2.88731e+15 1.39988e+36 8.136171646466715e+20 1.082914982543172e+39 
2.89141e+15 1.40260e+36 8.142286166155670e+20 1.083913519002555e+39 
2.89551e+15 1.40532e+36 8.148390746152611e+20 1.084911396190175e+39 
2.89961e+15 1.40804e+36 8.154485578300157e+20 1.085908596298174e+39 
2.90371e+15 1.41077e+36 8.160593288103370e+20 1.086905091818750e+39 
2.90781e+15 1.41350e+36 8.166691143238460e+20 1.087900925100298e+39 
2.91192e+15 1.41622e+36 8.172756966596216e+20 1.088898515032151e+39 
2.91603e+15 1.41896e+36 8.178857628259519e+20 1.089895434694150e+39 
2.92015e+15 1.42169e+36 8.184926285831558e+20 1.090894111654283e+39 
2.92426e+15 1.42443e+36 8.191007781559948e+20 1.091889656875875e+39 
2.92838e+15 1.42716e+36 8.197057259978187e+20 1.092886976807585e+39 
2.93251e+15 1.42991e+36 8.203141462840979e+20 1.093886033371698e+39 
2.93663e+15 1.43265e+36 8.209193775000116e+20 1.094882016830188e+39 
2.94076e+15 1.43539e+36 8.215236645029396e+20 1.095879729854034e+39 
2.94489e+15 1.43814e+36 8.221291987033875e+20 1.096876770109063e+39 
2.94902e+15 1.44089e+36 8.227337780652756e+20 1.097873136547272e+39 
2.95316e+15 1.44365e+36 8.233395852187676e+20 1.098871257436069e+39 
2.95730e+15 1.44640e+36 8.239422564132672e+20 1.099868692616008e+39 
2.96144e+15 1.44916e+36 8.245461567921552e+20 1.100865469150313e+39 
2.96558e+15 1.45192e+36 8.251491022786139e+20 1.101861581026507e+39 
2.96973e+15 1.45468e+36 8.257511115990101e+20 1.102859414081083e+39 
2.97388e+15 1.45744e+36 8.263521696737806e+20 1.103856585103566e+39 
2.97803e+15 1.46021e+36 8.269544622697947e+20 1.104853083087057e+39 
2.98219e+15 1.46298e+36 8.275557905958940e+20 1.105851335781839e+39 
2.98635e+15 1.46575e+36 8.281561826683436e+20 1.106848911876465e+39 
2.99051e+15 1.46852e+36 8.287556467900687e+20 1.107845806249102e+39 
2.99467e+15 1.47130e+36 8.293563308762901e+20 1.108842037674873e+39 
2.99884e+15 1.47407e+36 8.299538983003855e+20 1.109840022466257e+39 
3.00301e+15 1.47685e+36 8.305527043193510e+20 1.110837320014679e+39 
3.00718e+15 1.47964e+36 8.311527046479133e+20 1.111833977648257e+39 
3.01135e+15 1.48242e+36 8.317496502064984e+20 1.112829936023803e+39 
3.01553e+15 1.48521e+36 8.323477883964027e+20 1.113827644517686e+39 
3.01971e+15 1.48800e+36 8.329450026579392e+20 1.114824678935492e+39 
3.02390e+15 1.49079e+36 8.335412815316343e+20 1.115823441440629e+39 
3.02808e+15 1.49358e+36 8.341366390310264e+20 1.116819152346653e+39 
3.03227e+15 1.49638e+36 8.347331826366950e+20 1.117816607530818e+39 
3.03646e+15 1.49918e+36 8.353288225354711e+20 1.118813372306100e+39 
3.04066e+15 1.50198e+36 8.359235274452215e+20 1.119811867199239e+39 
3.04485e+15 1.50478e+36 8.365173243124867e+20 1.120807308944775e+39 
3.04905e+15 1.50759e+36 8.371122977150126e+20 1.121804492993244e+39 
3.05326e+15 1.51040e+36 8.377063413054753e+20 1.122803399804183e+39 
3.05746e+15 1.51321e+36 8.382994916778386e+20 1.123799243364661e+39 
3.06167e+15 1.51602e+36 8.388917249690748e+20 1.124796800635821e+39 
3.06588e+15 1.51883e+36 8.394830368083117e+20 1.125793710220554e+39 
3.07009e+15 1.52165e+36 8.400755238433831e+20 1.126789980620754e+39 
3.07431e+15 1.52447e+36 8.406671017756751e+20 1.127787953797486e+39 
3.07853e+15 1.52729e+36 8.412577805004164e+20 1.128785255106673e+39 
3.08275e+15 1.53012e+36 8.418496474986006e+20 1.129781892327572e+39 
3.08698e+15 1.53294e+36 8.424384906669426e+20 1.130780266781339e+39 
3.09120e+15 1.53577e+36 8.430285335022269e+20 1.131775603681720e+39 
3.09544e+15 1.53860e+36 8.436176559328022e+20 1.132775019733976e+39 
3.09967e+15 1.54143e+36 8.442058892018643e+20 1.133771406917098e+39 
3.10390e+15 1.54427e+36 8.447952809534135e+20 1.134767160945731e+39 
3.10814e+15 1.54711e+36 8.453837825005445e+20 1.135764598762709e+39 
3.11238e+15 1.54995e+36 8.459713721955014e+20 1.136761397855575e+39 
3.11663e+15 1.55279e+36 8.465580818147472e+20 1.137759871567233e+39 
3.12088e+15 1.55563e+36 8.471438703471560e+20 1.138757725010163e+39 
3.12513e+15 1.55848e+36 8.477308263494442e+20 1.139754924344712e+39 
3.12938e+15 1.56133e+36 8.483169033584167e+20 1.140751451884940e+39 
3.13363e+15 1.56418e+36 8.489020836614199e+20 1.141747334960364e+39 
3.13789e+15 1.56704e+36 8.494884250134112e+20 1.142744907738894e+39 
3.14215e+15 1.56989e+36 8.500718087573209e+20 1.143741854485525e+39 
3.14642e+15 1.57275e+36 8.506563522202210e+20 1.144740488349546e+39 
3.15068e+15 1.57561e+36 8.512400170361017e+20 1.145736123793901e+39 
3.15495e+15 1.57847e+36 8.518228130505555e+20 1.146733427427212e+39 
3.15922e+15 1.58134e+36 8.524067291674522e+20 1.147730122462259e+39 
3.16350e+15 1.58421e+36 8.529897721422848e+20 1.148728486944130e+39 
3.16778e+15 1.58708e+36 8.535719203437757e+20 1.149726218437110e+39 
3.17206e+15 1.58995e+36 8.541532037819173e+20 1.150723283377675e+39 
3.17634e+15 1.59282e+36 8.547336011202608e+20 1.151719713859895e+39 
3.18063e+15 1.59570e+36 8.553151430992185e+20 1.152717823842334e+39 
3.18492e+15 1.59858e+36 8.558958032893347e+20 1.153715292613067e+39 
3.18921e+15 1.60146e+36 8.564755955078165e+20 1.154712107226672e+39 
3.19350e+15 1.60434e+36 8.570545026233298e+20 1.155708294465061e+39 
3.19780e+15 1.60723e+36 8.576345371270680e+20 1.156706170084173e+39 
3.20210e+15 1.61012e+36 8.582137216382053e+20 1.157703371929093e+39 
3.20640e+15 1.61301e+36 8.587920195319617e+20 1.158699951909461e+39 
3.21071e+15 1.61590e+36 8.593694699447134e+20 1.159698179710927e+39 
3.21501e+15 1.61880e+36 8.599480205696327e+20 1.160693486966860e+39 
3.21932e+15 1.62169e+36 8.605237052473223e+20 1.161690476858305e+39 
3.22364e+15 1.62459e+36 8.611005414860255e+20 1.162689106461045e+39 
3.22795e+15 1.62750e+36 8.616785058973045e+20 1.163684775784569e+39 
3.23227e+15 1.63040e+36 8.622536033158528e+20 1.164682139707771e+39 
3.23659e+15 1.63331e+36 8.628298246939241e+20 1.165678860009203e+39 
3.24092e+15 1.63622e+36 8.634051708214063e+20 1.166677265375596e+39 
3.24525e+15 1.63913e+36 8.639796734178491e+20 1.167675011389306e+39 
3.24958e+15 1.64204e+36 8.645533305402977e+20 1.168672105219029e+39 
3.25391e+15 1.64496e+36 8.651280807497495e+20 1.169668588358342e+39 
3.25825e+15 1.64787e+36 8.657000132212598e+20 1.170666730985545e+39 
3.26258e+15 1.65080e+36 8.662750220513146e+20 1.171661935109899e+39 
3.26693e+15 1.65372e+36 8.668472134730341e+20 1.172661100881812e+39 
3.27127e+15 1.65664e+36 8.674185565579326e+20 1.173657333289059e+39 
3.27562e+15 1.65957e+36 8.679910106928635e+20 1.174655218639951e+39 
3.27997e+15 1.66250e+36 8.685626008168913e+20 1.175652487549997e+39 
3.28432e+15 1.66543e+36 8.691333591140279e+20 1.176649102574187e+39 
3.28867e+15 1.66837e+36 8.697052151592620e+20 1.177645086707390e+39 
3.29303e+15 1.67130e+36 8.702742641390078e+20 1.178642751271551e+39 
3.29739e+15 1.67424e+36 8.708444236668811e+20 1.179639766976154e+39 
3.30176e+15 1.67718e+36 8.714137458599165e+20 1.180638428543009e+39 
3.30612e+15 1.68012e+36 8.719822224745314e+20 1.181634180832119e+39 
3.31049e+15 1.68307e+36 8.725517979410568e+20 1.182631576238604e+39 
3.31486e+15 1.68602e+36 8.731205232401301e+20 1.183628353220026e+39 
3.31924e+15 1.68897e+36 8.736883964550694e+20 1.184626797712844e+39 
3.32361e+15 1.69192e+36 8.742554615689536e+20 1.185622297312410e+39 
3.32799e+15 1.69487e+36 8.748216848428554e+20 1.186619457171509e+39 
3.33238e+15 1.69783e+36 8.753889903387475e+20 1.187618265806486e+39 
3.33676e+15 1.70079e+36 8.759554631292066e+20 1.188614169635595e+39 
3.34115e+15 1.70375e+36 8.765210935295282e+20 1.189611733553916e+39 
3.34554e+15 1.70672e+36 8.770878097331323e+20 1.190608659250603e+39 
3.34993e+15 1.70968e+36 8.776517928252340e+20 1.191604954731298e+39 
3.35433e+15 1.71265e+36 8.782168611268088e+20 1.192602881728450e+39 
3.35873e+15 1.71562e+36 8.787810895104862e+20 1.193600198985691e+39 
3.36313e+15 1.71859e+36 8.793445009062173e+20 1.194596880590543e+39 
3.36754e+15 1.72157e+36 8.799089732515626e+20 1.195595213918309e+39 
3.37194e+15 1.72455e+36 8.804726175137252e+20 1.196590663523703e+39 
3.37636e+15 1.72753e+36 8.810354584221486e+20 1.197589985921804e+39 
3.38077e+15 1.73051e+36 8.815974705564292e+20 1.198586434506475e+39 
3.38518e+15 1.73349e+36 8.821586677008531e+20 1.199582257038320e+39 
3.38960e+15 1.73648e+36 8.827209232343436e+20 1.200579721607703e+39 
3.39402e+15 1.73947e+36 8.832823575811738e+20 1.201576567222790e+39 
3.39845e+15 1.74246e+36 8.838429717464068e+20 1.202575050205819e+39 
3.40288e+15 1.74545e+36 8.844027927591484e+20 1.203572882845914e+39 
3.40730e+15 1.74845e+36 8.849636595607458e+20 1.204567858367176e+39 
3.41174e+15 1.75145e+36 8.855237116759774e+20 1.205566714748207e+39 
3.41617e+15 1.75445e+36 8.860829604069040e+20 1.206562690147990e+39 
3.42061e+15 1.75745e+36 8.866413795383086e+20 1.207560320749915e+39 
3.42505e+15 1.76045e+36 8.871990095777890e+20 1.208557307607389e+39 
3.42949e+15 1.76346e+36 8.877576847796991e+20 1.209553682627084e+39 
3.43394e+15 1.76647e+36 8.883155527120371e+20 1.210551681927675e+39 
3.43839e+15 1.76948e+36 8.888726263924509e+20 1.211549047598409e+39 
3.44284e+15 1.77250e+36 8.894307288762130e+20 1.212545815922261e+39 
3.44730e+15 1.77551e+36 8.899861813244867e+20 1.213544205902623e+39 
3.45175e+15 1.77853e+36 8.905426809596032e+20 1.214539736149075e+39 
3.45621e+15 1.78155e+36 8.910983887275612e+20 1.215536874973898e+39 
3.46068e+15 1.78457e+36 8.916532910786717e+20 1.216535640924553e+39 
3.46514e+15 1.78760e+36 8.922092359492787e+20 1.217531550045259e+39 
3.46961e+15 1.79063e+36 8.927643733022884e+20 1.218529088002626e+39 
3.47408e+15 1.79366e+36 8.933187114980179e+20 1.219526014171049e+39 
3.47856e+15 1.79669e+36 8.938722647809958e+20 1.220524541753095e+39 
3.48303e+15 1.79972e+36 8.944250311689529e+20 1.221520220031536e+39 
3.48751e+15 1.80276e+36 8.949788178844519e+20 1.222517526199677e+39 
3.49199e+15 1.80580e+36 8.955318078751326e+20 1.223514224837701e+39 
3.49648e+15 1.80884e+36 8.960840259664820e+20 1.224512509175192e+39 
3.50097e+15 1.81188e+36 8.966354392836118e+20 1.225510202874428e+39 
3.50546e+15 1.81493e+36 8.971878805509846e+20 1.226507279292699e+39 
3.50995e+15 1.81798e+36 8.977395329416443e+20 1.227503745007212e+39 
3.51444e+15 1.82103e+36 8.982903990726476e+20 1.228499600758434e+39 
3.51894e+15 1.82408e+36 8.988404971534634e+20 1.229497041831542e+39 
3.52344e+15 1.82714e+36 8.993916082191224e+20 1.230493879433143e+39 
3.52795e+15 1.83019e+36 8.999401207585998e+20 1.231492344100284e+39 
3.53246e+15 1.83325e+36 9.004896458642261e+20 1.232490204784002e+39 
3.53697e+15 1.83632e+36 9.010402025515002e+20 1.233487429180244e+39 
3.54148e+15 1.83938e+36 9.015881911560164e+20 1.234484039370219e+39 
3.54599e+15 1.84245e+36 9.021371965551935e+20 1.235480035074392e+39 
3.55051e+15 1.84551e+36 9.026836214512541e+20 1.236477655581678e+39 
3.55503e+15 1.84858e+36 9.032310458129631e+20 1.237474684331373e+39 
3.55956e+15 1.85166e+36 9.037794860950981e+20 1.238473296256956e+39 
3.56408e+15 1.85473e+36 9.043253930006272e+20 1.239469070116995e+39 
3.56861e+15 1.85781e+36 9.048723030538851e+20 1.240466443561677e+39 
3.57314e+15 1.86089e+36 9.054184167522449e+20 1.241463244840909e+39 
3.57768e+15 1.86397e+36 9.059637756803998e+20 1.242461619177940e+39 
3.58221e+15 1.86706e+36 9.065101298612479e+20 1.243457195957454e+39 
3.58675e+15 1.87014e+36 9.070539458368183e+20 1.244454370950613e+39 
3.59130e+15 1.87323e+36 9.075987826428907e+20 1.245453105974762e+39 
3.59584e+15 1.87632e+36 9.081428304430338e+20 1.246449074571213e+39 
3.60039e+15 1.87942e+36 9.086878741324261e+20 1.247446629765170e+39 
3.60494e+15 1.88251e+36 9.092304108568195e+20 1.248443562457593e+39 
3.60949e+15 1.88561e+36 9.097739345364323e+20 1.249439901250383e+39 
3.61405e+15 1.88871e+36 9.103166898031620e+20 1.250437835874301e+39 
3.61861e+15 1.89182e+36 9.108604311473443e+20 1.251435169900076e+39 
3.62317e+15 1.89492e+36 9.114016708386242e+20 1.252431894911630e+39 
3.62774e+15 1.89803e+36 9.119439014125738e+20 1.253430197963500e+39 
3.63230e+15 1.90114e+36 9.124853889990977e+20 1.254425695699462e+39 
3.63687e+15 1.90425e+36 9.130260964501401e+20 1.255422810445269e+39 
3.64145e+15 1.90736e+36 9.135660403683905e+20 1.256421519278569e+39 
3.64602e+15 1.91048e+36 9.141069774830681e+20 1.257417431498879e+39 
3.65060e+15 1.91360e+36 9.146471751961271e+20 1.258414902920938e+39 
3.65518e+15 1.91672e+36 9.151866229196955e+20 1.259411772587212e+39 
3.65977e+15 1.91984e+36 9.157253000826758e+20 1.260410248117178e+39 
3.66435e+15 1.92297e+36 9.162649599831513e+20 1.261405940500000e+39 
3.66894e+15 1.92609e+36 9.168021365299047e+20 1.262403226798292e+39 
3.67354e+15 1.92922e+36 9.173403033652407e+20 1.263402064917146e+39 
3.67813e+15 1.93236e+36 9.178794540632437e+20 1.264398115077812e+39 
3.68273e+15 1.93549e+36 9.184161105696382e+20 1.265395783600075e+39 
3.68733e+15 1.93863e+36 9.189537524667831e+20 1.266392832968048e+39 
3.69193e+15 1.94177e+36 9.194906512193965e+20 1.267389285190400e+39 
3.69654e+15 1.94491e+36 9.200268085976713e+20 1.268387306117065e+39 
3.70115e+15 1.94805e+36 9.205622209551025e+20 1.269384738117188e+39 
3.70576e+15 1.95120e+36 9.210985878294886e+20 1.270381588196610e+39 
3.71037e+15 1.95434e+36 9.216325265018045e+20 1.271377828123083e+39 
3.71499e+15 1.95749e+36 9.221674222916783e+20 1.272375643047499e+39 
3.71961e+15 1.96065e+36 9.227033007760588e+20 1.273372829159463e+39 
3.72423e+15 1.96380e+36 9.232367257244217e+20 1.274369453851981e+39 
3.72886e+15 1.96696e+36 9.237710880845144e+20 1.275367670677865e+39 
3.73348e+15 1.97012e+36 9.243047376899270e+20 1.276363108845946e+39 
3.73812e+15 1.97328e+36 9.248376476550837e+20 1.277362272507258e+39 
3.74275e+15 1.97644e+36 9.253698537962836e+20 1.278358652786360e+39 
3.74738e+15 1.97961e+36 9.259029941026138e+20 1.279354468344944e+39 
3.75202e+15 1.98278e+36 9.264353871809209e+20 1.280351866614715e+39 
3.75667e+15 1.98595e+36 9.269670559274273e+20 1.281350815201955e+39 
3.76131e+15 1.98912e+36 9.274979878202395e+20 1.282347039450184e+39 
3.76596e+15 1.99230e+36 9.280299093768887e+20 1.283344758768829e+39 
3.77061e+15 1.99547e+36 9.285594079193533e+20 1.284341925747873e+39 
3.77526e+15 1.99865e+36 9.290898408093149e+20 1.285338520597332e+39 
3.77991e+15 2.00184e+36 9.296212302887592e+20 1.286334505722305e+39 
3.78457e+15 2.00502e+36 9.301502083950384e+20 1.287332077218385e+39 
3.78923e+15 2.00821e+36 9.306801579730081e+20 1.288329016561882e+39 
3.79390e+15 2.01140e+36 9.312093732888163e+20 1.289327524081114e+39 
3.79856e+15 2.01459e+36 9.317378647447390e+20 1.290323312575156e+39 
3.80323e+15 2.01778e+36 9.322656394923493e+20 1.291320649495105e+39 
3.80791e+15 2.02098e+36 9.327943403431203e+20 1.292319546931010e+39 
3.81258e+15 2.02417e+36 9.333207038661194e+20 1.293315681108299e+39 
3.81726e+15 2.02737e+36 9.338479684836878e+20 1.294313410709782e+39 
3.82194e+15 2.03058e+36 9.343761676541669e+20 1.295310548149371e+39 
3.82662e+15 2.03378e+36 9.349020150035095e+20 1.296307090668425e+39 
